0 65533
1 65533
1 0
0 16
0 74
0 70
0 73
6 0
0 1
9 1
0 0
0 96
11 96
11 0
2 52
0 114
0 69
0 120
0 105
0 102
14 77
0 77
11 42
14 0
0 8
11 6
11 11
11 2
24 38
14 8
0 98
9 18
11 3
24 1
11 1
14 1
0 49
28 0
14 38
30 65533
9 50
38 0
11 20
40 65533
19 0
0 4
34 0
11 8
2 28
11 7
30 12
24 86
14 17
6 28
3 0
48 0
24 0
57 0
58 0
59 0
60 0
61 0
62 0
63 0
64 0
65 0
66 0
67 0
68 0
69 0
70 0
71 0
72 0
73 0
74 0
75 0
76 0
77 0
78 0
79 0
80 0
81 0
82 0
83 0
84 0
85 0
86 0
87 0
88 0
89 0
90 0
91 0
92 0
93 0
94 0
95 0
96 0
97 0
98 0
99 0
100 0
101 0
102 0
103 0
104 0
105 0
106 0
107 0
108 0
109 0
110 0
111 0
112 0
113 0
114 0
115 0
96 87
19 110
0 100
0 111
0 119
0 115
0 32
0 80
0 104
120 116
120 32
17 100
19 116
120 114
123 49
0 48
0 46
132 46
37 48
132 49
37 46
37 54
0 51
0 56
0 52
11 87
118 100
120 119
122 32
124 104
126 111
123 69
119 105
0 116
130 32
135 46
134 49
132 48
37 49
133 49
0 54
139 56
141 0
0 50
132 50
132 58
132 56
0 58
160 54
123 50
139 58
161 58
0 53
132 0
26 65533
0 3
42 0
0 20
53 28
1 4
173 20
53 48
2 0
0 2
24 3
154 0
11 65533
3 2
181 48
170 0
1 1
33 0
36 0
9 0
183 28
50 0
48 12
14 9
4 0
24 28
55 0
25 0
116 0
199 0
200 0
201 0
202 0
203 0
204 0
205 0
206 0
207 0
208 0
209 0
210 0
211 0
212 0
213 0
214 0
215 0
216 0
217 0
218 0
219 0
220 0
221 0
222 0
223 0
199 50
161 48
164 48
140 58
165 32
160 51
227 48
164 52
170 50
226 58
163 58
229 50
167 48
162 52
186 0
26 1
172 0
241 0
35 0
0 6
36 26
11 5
47 0
0 17
187 27
246 0
189 0
248 65533
9 40
188 0
243 2
14 2
190 4
247 17
1 2
180 0
46 0
251 34
197 0
24 96
247 0
12 0
36 65533
2 65533
11 67
48 6
244 7
244 5
25 7
0 7
274 9
0 9
25 10
0 12
174 13
278 11
0 11
278 25
0 18
0 19
0 15
174 29
0 26
0 31
0 30
0 29
287 28
0 28
123 36
133 39
123 34
0 44
0 35
292 28
0 40
0 55
0 41
296 48
37 52
141 52
288 39
0 57
0 61
140 50
0 60
133 51
141 50
179 67
9 9
276 9
280 12
0 24
0 13
317 24
160 33
292 33
160 50
321 50
322 50
323 50
324 50
325 50
326 50
327 50
325 65533
3 17
198 65533
190 3
9 33
28 17
9 3
248 1
179 31
36 5
10 1
339 0
60 1
180 3
46 5
271 8
276 10
281 65533
3 65533
195 2
335 3
180 4
172 5
0 5
46 4
36 125
9 2
241 4
248 5
283 33
37 65
244 19
0 81
0 97
274 34
0 113
174 50
268 8
297 66
2 21
0 82
2 36
139 98
16 65533
345 22
0 23
316 25
287 37
0 38
0 39
299 41
0 42
141 53
157 55
140 57
164 67
0 68
17 70
0 71
0 72
7 74
0 83
0 84
0 85
0 86
0 87
0 88
0 89
0 90
0 99
119 101
20 103
125 105
0 106
122 116
0 117
0 118
121 120
0 121
0 122
268 65533
409 65533
410 65533
411 65533
412 65533
413 65533
414 65533
415 65533
416 65533
268 0
288 1
33 1
339 1
421 0
58 1
342 4
352 6
274 8
345 11
179 65533
248 0
180 1
350 4
172 4
274 5
353 0
355 119
35 2
172 17
343 33
37 6
283 65
361 7
362 113
284 34
160 65533
25 20
0 66
409 9
297 51
369 65533
0 21
31 114
1 10
0 22
0 36
141 65533
0 37
1 23
375 26
377 39
379 42
169 54
300 56
306 58
0 67
385 69
6 71
388 73
5 83
391 85
393 87
395 89
397 99
399 102
0 103
401 106
403 117
405 119
18 121
408 65533
417 65533
480 65533
481 65533
482 65533
482 0
278 3
190 2
248 3
429 63
183 26
1 77
0 110
372 65533
268 40
1 39
169 34
1 67
377 94
1 58
390 17
362 0
1 74
374 30
268 1
369 98
2 12
2 76
299 96
1 114
457 7
306 65533
139 30
1 37
317 34
2 59
1 79
174 1
1 18
1 40
0 112
457 65533
121 0
2 106
1 11
122 57
268 64
397 65533
119 56
0 45
309 45
11 59
174 98
1 9
1 105
174 0
1 41
268 52
268 19
0 76
378 20
2 9
169 27
1 80
1 120
176 65533
393 18
1 68
1 1708
456 4
542 100
391 65533
546 65533
1 56
1 85
542 65533
361 127
490 65533
296 77
1 30
1 5
1 61
187 65533
405 65533
407 65533
2 23
450 65533
5 6
1 24
1 72
1 118
364 74
453 65533
1 20
248 64
513 65533
17 33
1 52
1 64
278 34
577 65533
378 57
352 65533
124 65533
46 34
297 77
2 49
0 78
292 82
180 100
1 86
571 68
589 65533
174 8
409 15
2 18
368 4
505 65533
157 85
268 78
307 65533
0 75
174 65533
1 73
1 90
446 2
301 54
577 336
301 57
392 65533
0 493
377 65533
11 93
1 1307
285 65533
37 65533
582 38
2 102
1 26
391 103
409 95
364 64
1 25
601 13
268 33
2 72
125 25
122 60
390 13
46 65533
1 110
510 49
387 113
1 78
0 10
479 3
2 53
164 26
31 44
1 122
608 65533
37 22
582 65533
391 75
290 65533
2 124
1 16
20 828
1 59
402 89
121 65533
18 94
1 21
1 3
405 28
361 65533
1 13
2 51
538 7
628 65533
0 1153
1 597
579 65533
385 102
1 69
172 68
119 83
388 65533
2 50
301 65533
369 25
372 69
628 110
0 64
1 98
577 50
0 14
17 56
576 18
268 30
380 85
559 65533
169 106
0 62
1 33
571 25
501 65533
633 65533
7 38
0 1226
663 65533
244 124
2 84
0 65
380 25
600 97
552 24
1 95
299 65533
582 60
602 65533
5 97
519 65533
0 79
518 65533
0 1664
285 47
601 40
9 65533
391 14
2 104
2 81
1 65
464 79
586 65533
0 25
174 12
362 20
535 12
1 84
2 48
2 260
307 41
1 113
388 98
31 65533
534 65533
37 82
456 49
453 99
1 87
0 34
601 101
651 109
274 2
1 17
133 50
380 55
538 65533
2 41
600 23
378 65533
31 91
638 84
1 31
446 65533
517 7
589 18
0 286
2 43
1 29
309 65533
616 65533
1 81
362 92
719 122
391 70
0 1806
0 1286
1 27
17 81
444 81
284 47
546 129
268 66
6 40
299 77
572 65533
714 65533
244 20
169 25
390 72
418 66
651 95
141 49
528 65533
632 65533
533 12
20 41
183 7
449 90
31 101
2 92
2 37
2 111
5 65533
552 65533
5 104
1 116
369 106
362 6
1 1177
278 5
1 115
0 1261
17 118
0 109
150 65533
122 53
0 1221
643 115
7 65533
402 56
49 65533
1 53
289 99
281 120
297 9
1 126
800 65533
2 63
0 43
172 65533
22 65533
1 107
675 118
404 65533
614 118
520 109
0 124
744 65
651 65533
412 91
2 69
274 1837
2 71
528 72
372 730
0 559
540 45
1 60
452 9
17 57
724 34
2 82
697 65533
385 65533
692 72
2 80
792 64
2 98
1 202
244 48
1 48
766 19
2 66
672 65533
172 39
652 65533
501 92
620 65533
601 105
25 120
0 94
834 104
180 68
1 92
710 44
651 104
2 35
180 65533
456 65533
562 65533
1 106
410 84
20 65533
169 20
602 1190
2 114
2 3
0 1310
564 65533
2 117
0 59
0 1528
508 89
452 58
697 21
1 71
844 59
1 55
1 62
2 25
259 65533
1 1041
864 121
2 86
2 56
309 16
364 65533
852 65533
1 127
316 1004
576 87
818 65533
672 2
409 122
517 65533
0 940
510 65533
860 98
563 65533
0 92
1 14
0 1403
140 117
668 99
398 65533
392 57
31 25
1 1306
454 65533
391 101
1 66
568 65533
543 65533
452 65533
252 72
268 11
633 97
292 80
172 72
410 64
1 14845
872 111
767 4
811 90
11 80
668 103
767 46
0 63
120 20
581 67
553 65533
479 21
1 43
815 91
393 112
283 71
601 12
2 108
877 21
268 112
140 65533
535 93
829 115
268 115
795 29
454 66
0 125
813 65533
1 8
2 64
2 105
914 27
845 65533
906 118
394 29
139 65533
402 55
2 29
957 58
393 119
157 65533
0 108
446 113
2 89
1 88
289 57
571 57
744 65533
730 65533
692 65533
740 65533
17 62
0 107
444 65533
164 118
31 51
2 113
906 65533
815 65533
518 1868
842 1802
963 65533
411 64
16 105
1 34
559 59
2 73
119 65533
774 105
2 121
268 91
2 38
1 50
1 121
409 111
781 35
374 75
1 111
122 29
2 60
724 101
803 65533
879 97
523 65533
538 69
296 84
941 56
187 74
571 28
374 65533
0 126
3 80
268 32
978 1199
19 80
2 4
180 24
187 35
2 99
393 65533
1 1095
2 61
812 65533
599 1089
1 35
274 35
787 58
980 86
1 119
394 57
748 29
491 65533
31 112
675 43
405 56
766 76
888 65533
510 25
402 65533
1 104
300 65
1030 65533
672 61
800 94
285 63
1 102
122 65533
515 1458
2 58
125 65533
567 76
2 57
268 36
785 65533
1 7
932 33
395 53
276 65533
1 42
901 65533
550 99
306 24
1020 115
986 65533
1 91
296 8
0 1831
1027 65533
983 119
711 13
1030 54
1 36
124 36
380 70
888 67
1 619
5 12121
792 11
1 277
123 26
718 65533
1 109
0 865
2 34
395 65533
852 110
132 120
632 123
714 99
872 89
702 74
988 65533
1 6
2 77
268 82
380 107
600 67
910 57
172 1435
1017 40
1083 72
120 45
385 83
1 47
692 1170
1 94
668 65533
1 1021
600 65533
734 65533
1 89
714 87
248 16
522 65533
1066 65533
1 28
820 65533
777 65533
392 16
369 72
268 69
641 85
362 95
654 65533
1082 82
714 34
0 1281
800 65
554 65533
296 33
378 34
140 36
983 65533
378 53
2 93
533 120
268 57
368 65533
408 51
902 65533
558 65533
795 31
0 1773
795 65533
1030 72
569 125
0 123
347 122
576 65533
296 65533
0 10891
950 65533
387 65533
1 47971
4 462
668 50
285 44
912 65533
795 104
407 119
1 57
0 784
0 1702
18 18
37 35
994 73
562 72
743 55
1061 85
0 95
1 1142
290 90
1108 1708
942 632
1 54
347 65533
2 115
796 65533
994 65533
496 65533
25 65533
0 1231
3 93
398 27
1085 65533
586 33
1 93
614 49
411 62
655 65533
372 95
1 125
268 63
464 90
1 99
133 91
268 106
370 49
283 65533
872 118
307 42
550 65533
1 58463
369 43
858 65533
787 42
1038 52
1020 109
0 27
1 100
810 65533
289 65533
970 65533
300 65533
20 111
782 89
787 109
565 65533
714 61
644 65533
880 7
122 75
1033 91
1186 65533
1051 87
629 65533
1065 65533
520 768
508 78
692 53
515 65533
1159 65533
889 65533
713 52
675 127
864 65533
641 73
453 55
633 68
410 103
628 1261
562 126
1094 45
1012 65533
0 1541
1 70
0 186
675 66
1176 92
1 51
17 916
289 51
268 107
852 93
278 57
868 65533
1211 60
1048 85
1040 1817
0 91
309 83
2 40
454 112
362 78
852 104
645 106
395 93
164 82
1148 65533
929 90
268 87
307 87
2 65
125 122
0 964
268 23
268 119
1 1874
244 58
1254 65533
2 100
633 25
633 122
16 59
1023 65533
0 101
702 65533
1154 44
296 106
456 35
391 107
581 11
2 26
119 1682
1211 65533
2 120
1232 103
0 1551
934 65533
268 65
656 65533
975 65533
672 7
647 65533
995 37
783 65533
613 91
533 74
2 39
372 82
1203 39
734 646
2 70
661 72
1145 126
1061 7
268 68
978 50
867 65533
268 71
643 106
571 92
1176 23
288 65533
454 127
4 96
18 65533
11 511
164 1147
835 43
498 93
1212 103
784 18
1247 65533
0 1143
517 96
815 35
450 100
1328 65533
2 67
1213 64
123 19
729 19
2 54
879 85
407 82
6 65533
2 44
910 65533
268 9
867 63
464 91
976 65533
581 45
658 60
519 122
394 53
5 50
268 103
714 104
532 65533
409 116
542 69
748 65533
629 64
929 74
1105 77
1110 65533
1003 65533
2 24
714 60
1 101
514 53
1 63
740 53
0 1735
410 102
0 93
629 109
1180 59
479 47
297 28
450 28
668 94
544 65533
1073 65533
589 61
402 54
565 112
290 45
514 65533
283 99
19 65533
683 123
18 32
244 28
796 93
290 14
1210 62
398 870
1 124
1 505
1 15
1061 115
986 84
983 63
683 14
632 107
1136 65533
703 77
183 123
767 65533
410 120
750 79
378 7
589 48
963 68
1287 96
781 65533
456 118
408 20
362 101
979 105
815 19
561 65533
2 127
949 1268
0 611
0 647
296 99
372 73
890 65533
0 188
2 87
1051 65533
0 360
1041 73
292 65533
691 17
732 65533
1047 65533
12 15
393 35
1178 65533
7 26
1 117
510 67
1125 65533
1151 65533
1056 65533
995 1962
602 57
2 118
714 91
390 12
390 86
775 127
1083 45
0 140
288 124
391 38
971 65533
1261 65533
2 90
387 23
962 44
767 40
490 118
124 21
536 65533
352 85
658 65533
749 25
586 105
464 100
244 65533
740 42
1014 65533
292 30
1245 81
784 82
410 28
885 32
3 16
0 558
877 65533
713 65533
449 103
1200 110
910 118
410 1021
1051 27
160 84
1030 71
474 46
1196 65533
1151 89
719 25
268 13
945 65533
479 65533
1413 65533
0 421
603 125
388 8
1 46
1245 57
1296 65533
288 51
25 79
1435 125
287 90
1439 65533
589 67
1287 48
600 107
0 33
394 65533
2 13
362 61
405 82
737 45
962 33
307 105
591 49
802 122
392 91
1 402
975 95
408 1149
278 20
586 122
852 36
963 114
1108 39
812 50
1350 85
610 65533
515 58
886 65533
707 120
1060 87
1141 120
396 65533
974 91
268 38
652 63
0 47
169 65533
3 8
0 1861
0 1324
268 15
1 49
418 122
1 45
963 84
2 78
567 40
2 306
558 56
2 46
983 115
454 63
966 92
119 18
929 65533
682 65533
2 33
974 124
795 117
834 32
1532 65533
0 21404
864 85
2 103
409 59
409 81
1282 65533
519 25
939 65533
347 18
568 33
2 31
614 65533
621 111
405 118
600 89
396 25
268 10
1110 49
19 6
18 7
409 0
621 65533
1348 79
2 110
6 56
1365 1300
1021 59
268 74
0 1158
1145 124
915 110
2 94
405 49
2 119
692 40
651 1746
1212 62
752 65533
1586 1179
1200 65533
2 14
0 1923
0 55671
0 56942
122 70
157 1843
1325 107
2 101
316 61
395 117
1569 29
446 107
551 65533
0 268
614 51
0 997
810 117
1514 65533
871 36
285 67
446 92
1615 65533
1 103
347 90
1061 65533
1093 72
1117 21
1177 65533
517 55
296 72
1 76
1141 99
1054 118
696 65533
1107 88
380 65533
872 65533
1 83
914 65533
1373 65533
635 92
546 683
2 11
1050 65533
160 14
16 69
392 50
283 49
2 17
1247 21
792 49
300 31
472 65533
1318 69
132 65533
628 23
452 124
809 65533
150 31
1 108
1182 102
767 20
842 65533
1210 65533
1177 123
410 86
1300 57
743 1431
1464 65533
710 85
370 65533
1 481
347 87
1350 65533
912 17
364 77
543 99
120 40
1282 104
701 65533
929 458
0 1201
523 73
1215 19
628 1776
586 71
1420 65533
1095 65533
491 317
1083 75
581 65533
12 96
643 65533
885 111
565 90
885 73
714 127
1 19
268 77
474 65533
380 91
390 79
1652 78
0 521
818 111
404 34
722 65533
268 721
409 47
119 107
1447 52
1055 65533
672 57
617 28
1451 65533
1639 65533
656 101
579 112
132 65
268 97
599 65533
1694 65533
297 65533
1281 65533
1602 78
974 65533
0 921
1145 70
593 65533
278 65533
974 10
635 65533
586 101
268 72
12 32
948 65533
2 91
449 65533
1557 14
1348 0
392 55
1048 65533
11 86
724 71
0 1448
1210 1596
602 38
577 71
526 65533
942 62
995 111
31 3
362 65533
2 7
268 31
913 65533
639 990
0 12455
268 121
740 7
994 71
675 65533
274 43
1321 81
1612 65533
1375 58
395 24
978 65533
553 125
1744 65533
299 112
407 103
402 77
498 57
965 65533
1598 65533
364 39
183 65533
803 114
392 79
297 32
289 107
5 108
0 31670
979 65533
1117 65533
1451 48
297 34
1065 12
1549 65533
0 1449
22 108
758 103
699 65533
0 1170
1060 15
1773 116
624 65533
1300 56
2 20
1030 74
268 1958
711 94
0 25507
364 81
730 101
1569 19
474 29
1040 81
750 65533
464 472
281 116
1370 65533
1568 114
775 65533
948 42
380 108
19 68
150 9
551 1740
795 57
1420 11
1763 1146
1502 53
748 35
1445 53
1110 97
1427 14
1048 43
969 65533
133 90
1017 68
274 107
508 65533
1213 65533
498 65533
392 73
1030 82
2 5
398 49
879 65533
517 837
1737 91
169 102
767 25
411 0
1328 15
1814 56
1 22
409 98
781 95
1413 66
409 60
12 65533
948 106
1402 65533
774 29
160 107
1041 65533
682 79
393 64
409 4
1232 111
1 501
390 1560
1112 65533
608 27
893 109
811 65533
252 66
285 31
501 70
569 100
133 65533
1007 125
1340 65533
1340 103
803 125
1784 66
2 122
0 1267
1518 70
123 65533
274 90
352 113
1 52406
855 65533
1502 65533
1 44
812 3
810 62
276 81
268 126
450 116
1555 65533
1026 65533
388 43
150 113
268 42
1247 79
455 104
859 8
1263 65533
533 65533
172 113
268 20
1182 11899
525 121
1651 84
550 1678
0 24975
1148 53
1186 0
2 107
278 103
1897 117
1608 65533
724 21
268 4
792 65533
702 99
2 126
1005 65533
673 65533
645 73
274 7
172 63
965 90
824 35
1210 41
289 69
0 127
1 1619
120 851
2 109
1251 65533
402 72
600 87
835 119
1678 95
397 111
685 65533
1350 1
862 65533
404 37
800 42
749 65533
1151 85
268 109
901 99
1713 65533
449 73
730 15
299 117
522 798
591 65533
1518 32
724 65
494 65533
963 15
0 1195
730 96
12 54
785 56
1518 65533
572 32
1683 30
374 42
0 2766
25 61
1040 65533
767 41
268 118
31 85
479 106
1148 78
491 8
409 106
837 65533
517 57
391 96
183 115
409 36
1318 65533
881 78
25 57
565 105
1011 65533
1060 112
268 49
1117 126
898 7765
392 120
1060 105
813 100
888 90
2 85
268 105
139 72
25 550
1909 77
3 39
784 65533
859 65533
1447 16
1360 1773
474 83
398 90
929 17
860 65533
1413 56
959 73
453 93
140 74
407 12
409 76
1598 934
268 14
709 65533
1744 54
758 65533
296 54
707 122
1672 65533
586 107
2 424
1023 59
1358 40
1066 58
974 73
396 36
388 35
552 68
1349 65533
287 65533
1563 67
300 95
1958 50
408 33
1345 65533
1375 90
1117 114
0 955
306 43
1030 122
1145 43
409 44
881 122
724 73
1 881
638 28
1672 96
1557 60
268 76
413 93
1464 49
900 36
586 64
1776 65533
7 27
7 104
390 89
962 65533
2022 65533
993 84
546 78
391 119
1206 45
1918 70
1148 43
306 98
950 4
724 35
655 52
464 0
613 126
1 1421
1 822
0 1526
1083 36
1883 65533
1946 65533
1713 94
1450 10065
1379 40
598 45
1130 57
559 34
663 3
730 106
1394 2
391 111
672 21
0 2029
1767 71
957 65533
888 42
1831 105
600 114
494 18
893 30
1751 43
284 94
1003 2
1251 9
450 115
1738 118
813 25
1182 36
701 12
675 15
2048 18
150 29
1 75
1066 66
396 38
872 50
1 96
292 1
361 12
410 1157
560 610
632 100
1767 65533
292 117
906 82
1320 0
882 83
307 5
1212 90
1073 45
364 20
2 657
1154 65533
410 67
810 33
394 24
1737 65533
0 587
0 1332
252 13
730 16
0 675
278 1
1 123
871 65533
164 53
2 27
1509 65533
46 80
667 65533
268 85
666 65533
0 1758
412 37
2 95
1200 28
1883 53
1752 65533
454 99
22 26
1598 21
1653 41
506 110
1 112
125 91
1059 66
2 505
1341 27
1094 65533
971 50
404 59
535 65533
0 860
492 80
586 42
1 38
1779 99
268 80
766 96
301 90
1767 50
377 21
767 49
710 65533
633 4
845 86
643 18
702 33
316 65533
307 65
1880 1425
17 65533
678 65533
1083 46
396 34
517 46
300 46
1328 51
395 72
409 21
179 104
0 130
599 85
1646 63
2 709
896 65533
132 106
750 107
1712 65533
2 188
659 65533
1451 50
268 1331
510 60
1066 104
1507 2
409 1769
983 104
2207 65533
1599 65533
409 63
5 18
508 122
252 65533
1369 65533
1348 65533
738 65533
881 65533
608 22
1048 114
1920 119
454 73
1 1859
2 30
2249 65533
1188 66
724 126
963 18
0 606
2148 84
1557 65533
2256 65533
603 65533
361 66
1934 65533
2132 65533
1465 65533
701 75
1011 455
17 40
600 28
1784 65533
0 1453
792 67
122 45
1949 65533
711 65533
0 1655
744 14
16 57
450 49
906 27
1651 65533
1897 65533
1714 40
1335 59
174 4
885 102
815 31
283 66
133 109
454 36
902 48
1148 96
591 69
796 99
409 3
752 30370
276 84
0 26458
12 74
1463 104
180 38
450 19
633 67
1518 97
361 53
11 66
1901 47
758 79
1257 1458
594 21
133 79
1247 7
651 101
1210 107
133 15
1171 79
526 71
385 119
296 92
0 1887
1949 595
2 79
268 104
1913 45
268 43
571 111
123 29
6 7
589 98
614 18
900 65533
1066 122
571 83
567 65533
860 83
864 15
1093 122
567 124
602 31
150 96
608 59
1 1756
933 47
2331 42
409 1409
1652 104
316 56
268 89
582 688
288 82
1340 53
1751 105
1325 64
514 31
1426 65533
750 87
1 1828
1920 65533
1694 83
184 77
157 103
317 65533
2179 65533
954 88
1003 125
316 50
2159 19
813 40
999 91
550 46
1712 99
292 98
1751 35
2 939
457 75
774 1073
2 96
1427 65533
1751 96
552 21
1191 58
370 98
183 71
585 65533
0 1575
1477 102
2 42
1214 55
2301 80
1669 81
1210 10
179 444
901 86
1539 91
284 52
2 83
651 56
169 21
1011 105
2234 3
1507 65533
398 76
1744 73
494 118
1012 75
2096 77
1048 70
1404 54
169 24
1726 65533
1162 65533
450 125
346 65533
409 72
1360 65533
1648 64
1439 92
2384 91
352 65
1449 65533
0 1244
795 98
301 986
542 51
287 58396
284 1525
599 2
743 65533
1051 66
1108 65533
289 61
374 38
932 117
802 65533
248 30
847 32
718 78
1598 63
1153 65533
169 29
453 94
1464 6
2162 65533
1024 46
1082 65533
284 65533
496 38
1210 13
1012 97
811 57
594 35
744 120
492 70
2165 11
2035 65533
169 78
17 80
711 57
290 120
1065 48
1 1329
1746 65533
1048 40
278 14
25 110
9 7
1003 53
395 22
654 67
1081 1683
1148 28
2 808
656 53
268 1217
655 63
140 109
767 80
957 88
1767 81
169 3
316 69
180 60
544 101
1757 62
1451 103
1650 65533
160 40
49 93
1934 16
829 10
1083 102
0 476
1358 65533
0 731
962 62
1868 94
1806 65533
1868 65533
268 83
394 8
932 1354
748 5
2 32
2359 65533
1 82
444 80
881 93
7 95
390 74
268 86
1897 121
464 70
910 99
796 49
268 28
1232 86
123 31
784 1362
652 22
1061 44
829 65533
686 65533
1021 65533
141 114
822 114
164 110
172 31
1 1158
369 68
971 120
369 79
1 12
703 65533
880 60
632 59
824 65533
125 27
810 52
300 10
1 32
157 7
31 27
2004 49
1568 85
893 65533
292 116
1612 50
2374 92
1213 94
1125 110
974 45
647 17
285 645
1263 3
589 54
300 24
707 83
290 64
306 63
2502 65533
1956 50
969 65
975 28
1012 117
1608 62
1033 17
19 24
1938 39
942 108
934 106
1145 31549
569 113
871 110
16 10
1182 65533
672 742
1645 2
638 65533
46 102
1933 65533
1108 36
1171 49
2204 65533
31 70
1171 65533
284 25
800 27
800 15
402 1334
1176 65533
2 10
0 976
0 1759
464 82
872 88
1645 40
1637 60
608 66
1549 115
370 81
983 93
639 65533
917 102
621 37
645 65533
1038 61
872 98
644 71
392 11
1050 62
1030 52
2 905
1219 65533
2278 0
740 94
1 1359
581 114
602 28
1274 65533
2243 77
139 70
1196 79
1465 103
374 82
970 124
1020 65533
803 61
409 102
2207 22
395 116
1 45262
411 5
995 34
124 98
628 14
268 6
2 75
1051 26
1287 65533
1586 65533
824 49
1033 65533
1519 69
1648 65533
1214 2
1721 86
839 65533
1447 29
986 1816
0 177
172 112
852 50
929 1
2520 65533
397 70
901 13
952 65533
9 65
813 54
1176 78
877 89
803 16
962 78
2204 10
649 65533
820 0
2542 8
2191 85
18 17
517 77
2 68
1888 65533
1212 65533
380 71
454 116
2004 122
546 14
1116 65533
300 17
498 26
803 1078
306 26
542 105
1992 101
37 5
610 0
1033 105
1041 19
456 9
1844 96
1555 1768
290 42
449 69
172 32
1277 6
567 55
2319 44
120 41
378 107
372 100
428 65533
19 107
1193 65533
0 26341
2 769
2207 73
172 58
2502 0
1514 53
589 79
1142 24
1637 65533
409 108
16 8
2128 65533
683 49
1910 65533
1868 18
274 65533
380 45
929 892
405 105
1497 65533
479 796
847 122
1261 43
1454 43
571 105
292 37
757 53
979 100
1714 42
1328 36
965 88
1225 26
2207 12
1985 62
1073 1067
453 71
1779 48
1367 19
0 1318
410 45
1151 106
287 44
538 89
1514 87
268 125
1040 0
1829 65533
1073 105
795 115
2287 65533
1694 64
268 17
1379 49
569 57
0 18105
490 4
1855 65533
0 923
860 688
1652 51
663 101
307 25
803 67
556 56
1764 65533
1654 30
383 61
915 18
1 1582
683 65533
268 56
912 75
750 49
803 104
0 605
1868 35
608 93
1094 51
688 93
1 1206
942 65533
868 76
1348 90
5 98
374 109
1888 0
1311 44
141 1
444 5
388 20
633 98
374 56
1 1896
2018 65533
0 889
624 103
307 114
912 796
1768 65533
124 120
1507 29
638 14
0 184
1683 74
1212 64
3 58
390 65533
2502 97
2345 65
877 1424
0 1412
2770 123
813 26
3 23
632 36
0 1742
139 73
410 110
707 65533
767 38
17 3
714 20
1073 89
307 13
1464 83
1958 94
526 48
1868 29
813 72
1596 92
2 8
268 1378
1177 55
347 111
1901 65533
796 87
364 82
0 1555
316 65
1487 79
248 9
675 1
1162 60
1961 52
19 37
1112 1513
1116 39
718 88
2384 49
252 108
491 61
810 68
398 35
2 2
169 1
2529 117
610 6
1779 30
518 20
2572 90
995 65533
1086 23
970 17
734 32
672 41
1652 16
428 106
378 56
1180 960
563 91
410 7
601 65533
380 42
624 63
2279 65533
1606 127
390 1264
289 58
686 103
989 114
4 49
1509 68
1 1558
1011 0
1973 65533
300 99
699 34
543 28
287 73
4 65533
11 98
2530 65533
2709 65533
666 0
750 103
691 65533
474 85
1011 127
576 124
450 117
729 28
1827 65533
641 43
784 68
1918 59
1614 65533
0 419
1350 41
1282 110
594 65533
1 1531
1325 81
2204 54
1086 65533
842 69
397 50
474 69
963 73
2625 84
2542 88
859 86
766 30
942 3
538 70
0 231
587 65533
1645 11
1586 78
352 52
600 22
1150 25
951 13
1539 65533
278 1016
818 87
1735 101
1 97
290 1
0 620
546 1418
951 56
2187 113
1213 108
1555 49
1211 1
1154 479
784 25
496 78
1909 65533
508 127
296 85
2179 50
388 30
2654 92
397 72
1263 16
1868 24
1177 64
1 888
288 114
464 992
601 25
1888 16
402 86
2695 59
740 113
1595 42
1 1953
906 96
1559 9
802 55
1300 65533
1705 29
2425 65533
268 632
374 0
252 28
268 26
602 78
2949 65533
1555 81
885 38
1142 59
568 112
1387 58
12 116
1622 49
187 119
1586 115
1203 65533
268 75
405 10
608 77
601 99
479 95
1038 51
2512 65533
290 78
654 84
800 20
1335 100
1612 74
317 0
2054 65533
2191 104
180 54
2477 65533
455 101
1171 76
1627 0
394 62
1555 105
1325 55
1901 1942
164 65533
0 745
697 49
1 915
949 65533
2636 27
1 159
668 114
1328 57
1539 42
635 37
285 59
691 116
1518 1612
1442 12
364 62
635 15
1211 32
268 1964
0 850
623 64
561 81
1270 65533
633 544
1790 35
882 36
842 112
2831 45986
743 58
490 39
0 575
682 116
352 15
508 57
1737 53
901 94
2191 75
2807 83
1451 101
1849 65533
0 1771
1829 71
450 10
567 108
283 61
651 93
278 1787
3015 49
290 911
963 679
818 4
1351 65533
1559 1
268 114
1721 106
385 90
1141 28
0 1270
645 109
1853 20
1792 64
252 74
683 52
2819 65533
1086 18
729 12
957 92
1112 15
2375 65533
169 93
767 66
879 2
1247 112
880 79
617 63
1890 65533
852 107
2824 53
287 99
1678 119
565 37
855 34
0 625
1518 133
1868 9
1883 67
301 51
697 35
307 123
978 67
283 39
387 93
2518 98
1868 36
369 69
37 38
2582 65533
942 12
409 101
569 65533
1652 65533
663 116
393 42
1654 44
1824 65533
244 61
409 35
993 65533
543 91
1117 80
25 12
613 65533
1270 114
288 41
1247 117
766 109
2440 77
160 77
702 14
1938 104
867 68
268 79
1449 88
1894 110
1 27308
546 94
0 1322
2262 65533
464 65533
380 96
299 64
1083 9802
12 38
697 2
287 69
455 25
1744 85
454 60
847 65533
2501 5
2319 65533
1500 100
508 84
877 109
456 104
2191 114
1210 37
19 124
2159 84
556 52
2885 104
479 78
2636 65533
141 25
3122 65533
1130 6
939 18
301 32
288 35
1868 43
1799 50
554 4
392 281
2872 65533
1050 58
172 84
479 83
774 91
1784 113
632 55
902 41
0 32994
989 65533
3015 98
491 95
410 68
845 79
972 125
1740 72
1642 73
792 86
408 1556
539 65533
510 76
1024 65533
862 93
683 54
1518 92
2519 3
971 114
603 0
714 69
639 8
1314 65533
1116 73
810 127
1182 45
1956 39
410 89
2191 65533
867 61
396 1846
289 6
2807 65533
912 99
1934 73
464 26
1213 82
1296 72
1436 65533
385 48
1394 65533
1288 84
388 112
364 66
1188 73
1688 87
2 671
2017 69
795 69
1369 57
1596 127
965 106
402 101
2 45
268 127
1375 65533
405 115
1863 65533
378 123
377 24
2242 65533
2845 36
813 62
2651 65533
1261 70
1 417
469 65533
2910 57
1683 65533
19 660
418 65533
1909 104
150 116
519 58
1549 47
491 115
133 97
119 111
780 46
398 111
795 47
18 97
519 47
137 48
1549 0
309 63
18 112
362 99
974 101
150 32
780 103
118 61
378 65279
378 32
19 100
307 39
1358 77
132 77
519 67
1287 104
19 72
408 114
1287 83
408 78
391 99
408 107
398 57
119 39
929 62
317 10
309 120
164 120
795 112
795 101
150 97
123 120
795 108
3261 58
18 61
730 97
3263 98
1287 58
3303 109
1287 116
362 47
730 62
309 114
119 102
1269 68
6 32
18 109
963 110
122 58
16 100
20 61
730 104
3258 112
164 47
1549 119
121 119
133 119
139 46
130 103
1549 49
306 57
306 47
161 47
321 45
3319 102
528 115
407 110
3300 120
528 110
122 35
3311 60
3334 58
385 101
122 99
985 112
150 105
120 110
123 114
3313 58
362 98
120 117
150 61
730 117
404 105
119 58
20 97
20 53
31 100
119 53
528 98
362 51
119 45
155 100
362 45
362 100
139 49
528 100
139 51
119 55
169 49
308 102
37 98
730 32
3316 108
3303 120
3298 61
3321 116
150 112
3323 47
3261 46
3364 111
3264 99
120 109
1549 120
362 112
3329 46
132 47
3340 120
3298 58
464 114
1287 97
150 111
16 84
120 111
963 62
394 105
491 100
144 115
123 80
125 111
3391 32
128 105
3391 114
131 48
133 48
156 48
136 49
156 54
158 52
309 47
3316 112
384 114
3390 116
130 84
3393 108
682 60
3410 58
3389 101
362 116
1287 68
3418 101
682 50
226 45
163 45
165 84
230 58
154 58
141 48
3409 120
3388 67
16 101
3420 68
3420 62
3409 114
3348 68
1287 115
398 114
19 112
3345 111
491 62
3433 100
20 58
2526 70
3415 47
18 58
3410 109
3309 97
682 13
633 32
123 32
3449 32
3450 32
3451 32
3452 32
3453 32
3454 32
3455 32
3456 32
3457 32
3458 32
3459 32
3456 10
3460 32
3462 32
3463 32
3464 32
3465 32
3466 32
123 10
3467 32
3469 32
3470 32
3471 32
3462 10
3472 32
3474 32
3475 32
3475 10
3476 32
3478 32
3479 32
3464 10
3480 32
3482 32
3483 32
3454 10
3484 32
3486 32
3486 10
3487 32
3489 32
3480 10
3490 32
3492 32
3477 32
3493 32
3495 32
3469 10
3496 32
3498 32
3465 10
3499 32
3501 32
3460 10
3502 32
3504 32
3461 32
3505 32
3507 32
3451 10
3508 32
3510 32
3468 32
3511 32
3508 10
3513 32
3514 32
3515 32
3505 10
3517 32
3518 32
3519 32
3502 10
3521 32
3522 32
3523 32
3499 10
3525 32
3526 32
3527 32
3496 10
3529 32
3530 32
3531 32
3493 10
3533 32
3534 32
3535 32
3490 10
3537 32
3538 32
3539 32
3487 10
3541 32
3542 32
3543 32
3484 10
3545 32
3546 32
3547 32
3482 10
3549 32
3550 32
3551 32
3479 10
3553 32
3554 32
3555 32
3476 10
3557 32
3558 32
3559 32
3474 10
3561 32
3562 32
3563 32
3471 10
3565 32
3566 32
3567 32
3497 32
3569 32
3467 10
3571 32
3572 32
3573 32
3500 32
3575 32
3481 32
3577 32
3463 10
3579 32
3580 32
3581 32
3503 32
3583 32
3459 10
3585 32
3586 32
3587 32
3457 10
3589 32
3590 32
3591 32
3455 10
3593 32
3594 32
3595 32
3453 10
3597 32
3598 32
3599 32
3509 32
3601 32
3450 10
3603 32
3604 32
3605 32
3512 32
3607 10
3607 32
3608 32
3605 10
3610 32
3448 32
3609 32
3610 10
3613 10
3617 32
3616 32
3619 32
3615 32
3621 32
3612 32
3620 32
3623 32
3622 32
3603 10
3618 32
3626 32
3601 10
3628 32
3625 32
3632 32
3627 32
3624 32
3634 32
3629 32
3599 10
3631 32
3636 32
3633 32
3630 32
3635 32
3642 32
3637 32
3597 10
3639 32
3644 32
3641 32
3638 32
3643 32
3650 32
3645 32
3595 10
3647 32
3652 32
3649 32
3646 32
3651 32
3658 32
3653 32
3593 10
3655 32
3660 32
3657 32
3654 32
3659 32
3666 32
3541 60
929 120
519 97
398 107
3309 32
1287 110
119 61
378 119
378 63
1569 65533
269 0
172 2
342 2
342 3
172 3
46 3
432 5
25 5
352 4
343 10
1940 6
3125 10
278 12
281 10
281 11
317 14
283 16
3694 17
675 11
281 16
453 16
248 19
174 21
450 21
278 15
374 24
453 20
316 18
3701 20
312 1
432 4
3687 5
276 5
352 9
279 11
317 20
174 20
3715 20
3716 20
3717 20
3718 20
3719 20
3720 20
3721 20
3718 65533
330 8
9 95
9 96
172 1
730 0
180 17
335 17
2819 0
288 0
35 5
421 1
190 0
59 1
424 5
344 9
633 11
428 16
28 1
3683 2
3684 5
3687 4
354 1
342 0
46 17
352 18
1518 49
692 6
284 81
362 7
730 113
365 65533
2831 35
969 21
1752 36
371 114
532 10
453 23
458 37
459 40
301 42
381 54
462 57
384 68
386 71
467 74
390 84
392 86
394 88
396 90
398 100
1287 102
474 104
19 106
476 118
406 121
1902 65533
483 65533
3780 65533
3781 65533
3780 0
419 0
3727 1
3734 1
3735 0
34 2
3685 6
426 9
3739 65533
347 17
3741 2
353 3
46 7
3744 0
435 0
355 3
248 4
352 33
439 18
692 81
274 97
364 19
730 50
950 20
1844 65533
276 35
139 82
651 98
372 10
453 36
455 37
457 24
714 26
3762 41
380 53
382 56
463 67
465 70
387 72
389 83
469 86
3771 89
472 100
3774 103
475 115
150 117
477 120
407 122
3782 65533
3831 65533
3832 65533
416 0
485 1
334 3
488 0
858 110
317 64
1261 111
784 103
1 1707
748 1465
652 73
1109 65
810 113
515 118
2519 75
1539 34
1335 65533
901 73
1288 65533
632 73
139 89
370 114
122 86
999 126
1040 127
479 39
397 69
2002 87
1518 25
361 89
862 1143
1 1941
119 23
1518 29
810 66
1958 67
0 23286
763 53
1557 75
1435 13
689 1448
1464 253
2582 77
749 106
1054 107
1435 65533
2128 26
244 21
1303 844
388 115
361 75
4 108
2978 65533
1214 65533
479 45
538 107
1 1700
393 37
0 331
0 1016
2249 107
506 65533
945 49
589 10
614 1715
864 102
1979 107
444 114
621 125
380 111
1 379
2700 65533
974 35
22 74
558 1
268 25
1134 95
1176 115
572 871
35 1410
2712 65533
632 91
3224 65533
405 86
157 62
1134 65533
183 117
1958 65533
600 85
498 85
0 565
2670 65533
1118 109
571 65533
283 82
1148 15
1873 65533
538 0
2110 59
369 89
287 102
683 115
0 1978
718 47
910 53
3208 9
33 67
3141 110
2530 29
301 22
139 90
139 88
1602 65533
795 72
290 13
31 117
1041 87
1086 42
395 14930
368 39
2272 78
0 249
2049 79
248 1322
787 65533
46 56
2557 65533
3143 14884
299 5
396 17
1596 53
409 51
538 49
1392 70
19 12
409 50
1800 65533
808 97
268 111
1763 38
1920 68
17 49
602 76
1985 65533
404 101
2711 65533
3084 65533
1685 105
2412 97
1970 69
407 91
380 69
1519 65533
1 2045
393 111
803 6
1314 656
1040 49
2807 55
864 69
1003 78
402 104
2 1187
2 74
1873 122
628 54
3 41
934 118
942 89
2271 65533
885 65533
807 62
571 66
1507 42
2893 65533
710 37
807 65533
1227 65533
0 1015
586 5
402 91
501 8
1549 67
1 11055
1 1697
807 90
999 65533
785 81
1026 101
1274 81
1487 24
306 4
864 50
673 127
1488 35
2204 113
393 98
362 93
0 469
610 53
2204 53
2616 122
1031 65533
2588 346
835 23
0 1539
5 81
847 53
1350 115
880 59
474 42
1848 65533
767 1129
767 5
2 1423
306 112
132 59
3856 65533
1179 112
852 42
297 25
290 48
1154 40
970 114
893 78
1569 35
407 60
663 76
614 3
538 116
560 65533
15 65533
378 83
737 65533
672 3
3049 99
2529 14
402 1435
141 86
3243 37
518 84
811 35
1198 65533
2914 72
2 1958
2770 65533
673 64
1956 65533
2655 109
1928 122
966 997
1979 1704
2 62
1288 30
889 69
1379 65533
898 52212
2139 65533
121 40
970 57
1214 38
1297 65533
387 52
1 1763
283 24
268 81
536 460
1451 92
187 118
656 1682
974 94
519 8
0 38836
2972 126
390 81
268 50
398 63
1763 94
352 35
744 46
900 80
2 1072
1933 17
965 23
557 3
1212 48
1645 65533
862 54
601 116
1162 94
550 72
0 274
0 509
140 41
412 36
758 1196
2387 65533
252 25
0 495
1477 52
17 89
307 122
369 47
702 106
122 10
120 74
633 38
1870 1
1652 23
833 65533
1650 65
309 1377
287 167
169 86
970 94
492 65533
1792 111
157 23
183 39
409 86
1767 16
292 1049
2933 65533
2 97
4004 65533
2752 65533
491 70
352 105
879 0
1961 65533
810 86
1188 65533
380 1113
523 10
655 103
0 1782
1021 109
0 1472
974 68
464 38
2207 13
290 77
2049 123
697 71
3119 86
268 92
0 1957
675 88
752 112
25 67
395 26
995 82
17 67
1182 28
411 109
1201 65533
1429 65533
1073 112
1056 69
1065 49
652 1189
2644 65533
2896 65533
0 861
2160 90
174 88
0 1067
1614 40
1897 104
6 77
169 99
0 14229
3037 114
299 104
1060 65533
2187 65533
703 99
268 53
2662 65533
3241 1
4149 30
1171 21
795 97
942 79
395 125
1701 65533
395 56
1116 70
942 60
377 87
652 76
1454 4
180 13
1650 88
1674 65533
1379 100
20 96
2393 90
1568 61
564 49
1053 36
1652 24
641 30
1 1462
525 65533
0 29462
296 69
970 43
139 21
672 6
1650 13
368 110
2167 65533
608 123
855 74
1487 36
1439 13
714 106
585 81
621 76
1714 61
1563 65533
157 66
164 96
2575 92
1674 85
1345 117
602 69
7 1
1060 38
450 109
2408 68
1 1425
2241 65533
1669 106
3111 65533
285 21
281 48
1451 14
668 17
3015 82
2148 106
2399 65533
274 53
1477 65533
2173 65533
6 115
0 1196
352 21
761 65533
22 33
1920 55
702 122
649 123
1 145
890 74
2639 82
2004 65533
397 4
812 35
3115 68
1830 84
1251 46
3143 1
647 118
1 770
744 21
4020 65
1111 109
1970 74
0 821
1234 107
316 1754
1211 105
0 1646
391 86
0 364
910 74
0 1011
409 85
0 1671
1477 16
7 12
510 41
2675 74
3810 0
405 99
1958 72
268 113
3214 71
2223 65533
122 31
5 253
1041 99
0 2021
815 47
12 56
2712 95
268 96
912 88
407 99
689 31
402 1592
3190 26
3336 65533
409 40
3750 65533
378 111
3678 65533
1181 28
758 125
456 100
559 24
2254 65533
1970 1623
872 120
2384 71
2637 54
661 65533
2234 65533
183 932
120 15
3997 118
119 92
3241 65533
4208 28
394 108
1362 65533
450 27
125 120
3218 74
1466 65533
675 56
601 106
948 43
1083 32
409 64
2937 92
711 74
387 62
983 94
17 48
1580 65533
4020 120
2398 95
2577 65533
1550 65533
2128 31
914 51
682 101
0 1848
718 103
2459 65533
19 87
1853 65533
1219 77
394 110
1001 125
3977 34
1211 85
3919 76
523 28
696 106
15 61
1 730
4278 49
1 1442
1212 87
1763 56
1870 65533
845 69
696 74
500 1385
12 60
1938 65533
368 37
290 85
807 77
1956 88
3365 13
512 65533
974 93
2256 104
638 86
281 28
2896 103
702 107
1970 63
2670 67
2639 65533
751 65533
4211 65533
932 102
1023 42
306 48
722 64
1221 65533
3070 65533
0 740
2410 86
2410 49
2398 41
1362 44
494 113
1003 103
589 92
1946 47
526 110
187 84
971 106
4237 65533
729 61
1237 109
4095 82
160 103
387 102
558 78
810 98
685 24
895 65533
4067 107
1033 70
1051 73
0 643
2520 40
395 118
450 114
132 26
309 99
1350 54
1863 0
1582 64
244 51
3983 15
1863 94
352 84
2128 105
1756 65533
795 52
1141 65533
807 29
581 108
2518 10
1507 100
563 104
2207 16
1961 90
2438 26
577 100
633 9
268 94
1404 65533
518 25
1645 42
596 65533
1171 61
2835 52502
4109 68
2602 28
0 1482
1318 124
2700 74
15 116
0 1092
560 15
3143 46
1375 12
1188 75
1125 44
140 89
533 60
408 117
409 126
1784 33
517 98
394 126
2495 31
586 7
526 10
1 346
2 116
879 50
624 114
397 67
1194 65533
3057 65533
2654 65533
562 51
1 952
1569 82
0 31920
455 65533
4342 42
18 30
1294 1909
259 6
133 3
6 78
948 1
2610 30
1547 65533
362 50
2167 39
1897 1215
2473 65533
1110 63
4525 3
0 55678
0 56447
474 111
1228 65533
0 1406
1314 1671
4165 65533
1043 65533
281 68
479 60
829 123
3965 42
1402 121
1549 77
1770 29
683 114
307 69
989 120
4212 94
0 2019
268 47
2501 37
1043 109
1 1809
388 86
3143 88
404 7
966 90
4157 65533
2937 93
803 116
18 82
2345 30
301 113
268 21
722 98
174 30
1212 53
317 1
1776 50
932 95
18 127
1674 28
0 1200
2207 119
364 103
1211 99
0 1203
491 45
519 15
1219 124
718 21
1653 54
392 60
2049 65533
1348 28
0 1296
1559 72
4008 52
123 100
649 47
613 1154
1373 61
508 106
268 29
810 106
17 10
4270 74
880 41
287 35
244 104
1502 36
274 6
1894 85
306 35
1812 799
3887 21
980 53
1545 40
141 69
405 81
4158 65533
942 68
1096 8
1876 65533
2501 65533
378 730
409 56
2502 13
398 84
3015 65533
1394 86
1033 1444
1030 41
452 122
2166 65533
1515 97
392 10
600 117
1228 72
558 18
3185 35
3111 1034
2861 99
766 115
498 1280
1145 84
2410 65533
288 74
1227 28
1868 34
25 1525
600 34
1750 49
885 18
187 78
1051 0
572 569
281 67
1677 14
1894 124
1075 115
702 88
1812 65533
268 55
774 124
820 101
268 18
4 70
2781 65533
0 1041
642 55
1450 65533
810 5
0 1834
748 24
1853 117
4064 65533
450 113
37 102
616 88
2819 116
1387 24
450 30
991 65533
1707 127
2 123
409 71
750 58
2096 76
4403 65533
517 45
4228 93
2651 703
528 119
287 95
3066 65533
449 16
409 107
409 97
1294 76
1459 65533
1626 65533
986 35
268 120
1950 13
2935 121
31 21
3115 65533
1439 53
1860 65533
0 878
610 22
881 29
364 2
638 117
898 65533
553 36
4089 100
491 78
614 7
914 42
122 78
2 1056
752 77
774 65
4485 78
519 7
1993 18
377 65
346 123
1021 88
600 113
804 65533
3115 22
1721 65533
2048 93
506 91
37 59
689 0
4342 65533
1056 45
4067 65533
550 23
297 36
519 106
18 100
125 642
1588 65533
1096 65533
4291 0
540 65533
410 988
3068 65533
1 682
169 52
164 125
268 124
2716 1005
818 58
1402 26
1171 1700
795 50
2644 1821
683 39
3 123
792 95
906 126
380 50
744 6
1153 106
268 1415
888 73
1210 91
1568 77
4439 51
3187 93
2179 70
2580 1214
2459 107
3114 65533
589 99
297 39
0 677
1154 74
2885 65533
31 47
682 70
407 88
517 116
290 101
366 65533
580 65533
139 107
3037 21
602 118
0 1134
139 85
2049 25
879 36
893 105
2575 84
394 83
1880 77
1439 4
1744 84
758 120
491 41
3958 78
285 53
3946 65533
692 121
1051 99
906 43
289 120
2077 26
0 1404
268 1203
409 778
879 23
398 50
1051 60
392 43
268 230
1653 90
1637 4
449 81
409 23
3988 2
951 110
2978 42
1 1682
744 42
563 39
784 41
1176 18
1051 105
966 65533
1148 104
1792 65533
2110 65533
390 19
316 84
550 122
1870 85
268 457
3045 41
803 89
268 45
361 109
411 113
2575 108
1139 22
407 59083
2272 65533
1 1088
1721 90
1 1046
1115 65533
1442 114
889 86
1639 82
0 631
1570 65533
164 98
2 16
2854 57
1181 65533
1639 102
1111 85
7 0
4018 69
296 41
2 677
1115 23
972 19
715 25
387 25
2689 63
1549 106
518 86
508 58
122 79
274 57
2668 2
599 50
2 1297
1056 34
868 116
2374 33
1142 42
0 204
562 17
2591 121
906 0
689 65533
278 105
2 47
1652 42
796 54
1627 48
3704 65533
906 1005
4067 83
1997 80
180 91
4158 62
4817 65533
4079 120
565 106
2049 104
409 87
820 96
999 28
5 75
2495 65533
949 126
2359 7
0 338
3850 119
1040 54
1047 16
1232 17
1116 29
1056 1724
1 1603
934 56
2159 65533
1061 98
1108 107
15 120
7 85
1910 57
1233 65533
1650 90
1970 58
2096 65533
906 62
2636 21
1328 114
962 123
2519 43
691 27
22 123
1669 50
880 110
749 57
942 115
0 218
37 101
2582 21
1107 27
1247 23
810 84
818 43
2011 65533
864 99
971 1252
1051 48
37 68
703 34
174 37
654 13
787 48
2644 88
647 56
347 40
1903 65533
1107 65533
2507 65533
140 72
713 43
1107 108
0 48291
2443 65533
2590 77
1789 65533
1086 101
2 665
1463 33
1909 14
285 1214
767 45
4353 119
906 117
1325 65533
1860 106
1885 65533
1949 115
983 121
638 98
1402 31
2 1878
0 503
784 43
810 115
404 107
1946 116
2 1955
4741 21
1 1332
2933 47
393 17
411 104
598 1192
852 94
1792 58
268 22
682 18
2162 100
2835 110
517 12
1148 64
1569 57
1117 118
4380 65533
1112 118
1373 27
274 3
297 60
474 31
862 107
2537 65533
815 8
1225 108
3239 65533
2167 36
31 69
2799 97
409 42
1023 46
387 24
558 119
122 103
409 109
0 150
872 101
392 83
2537 109
2138 62
268 1523
391 124
4841 9
391 116
628 18
307 15
1370 27
1261 72
508 97
1118 65533
550 62
2588 373
125 27981
835 86
49 77
0 475
714 56
1375 3
978 1450
1776 4
2440 119
2634 65533
1804 90
1061 92
3114 23
299 76
0 36858
663 113
2529 65533
2138 71
889 87
0 1271
572 62
1678 65533
1125 105
404 41
2529 72
872 85
2250 15
889 73
1442 113
1188 118
3927 65533
398 79
950 38
651 13
2 1607
290 63
1763 95
1497 23
1218 90
2496 65533
901 7
268 35
278 62
410 93
2990 65533
3960 65533
7 110
18 1316
16 15
169 73
1582 6
560 115
0 243
1 258
3249 116
369 127
2519 65533
989 60
2716 65533
5 92
546 18
1447 12
5019 122
1555 1962
999 25
2502 43
562 64
2 160
510 13
405 80
1094 111
377 36
2 376
1287 100
119 32
1 1994
0 6731
515 70
1938 93
2520 71
4120 116
508 6
2483 65533
2035 5
999 112
0 35577
132 112
1148 85
346 4
409 94
464 116
535 71
1210 75
268 683
1 436
942 87
1145 65533
1066 554
268 24
2 5849
1586 7
569 94
4975 65533
1191 65533
2204 99
0 1685
538 98
1371 65533
1083 65533
1 1361
655 111
2024 65533
409 110
120 103
1579 65533
1136 111
576 1178
738 81
5160 65533
1179 72
174 41
932 35
834 65533
1735 65533
0 1094
807 55
1674 100
635 43
455 75
1245 88
122 1088
1107 117
141 27
550 94
1297 118
1082 91
1210 72
689 77
1497 29
1500 61
1047 120
2179 84
1 1464
526 86
120 82
122 74
613 78
589 57
4968 43
0 1681
774 94
4484 122
1456 33
692 24
2336 62
1596 71
601 39
0 1966
718 14
506 71
4242 65533
1136 75
392 92
2716 53
3240 50
1139 55
4408 29
645 43
842 57
4229 121
1085 73
1958 119
1868 111
409 22
296 1157
1159 108
0 61199
37 118
802 77
402 116
6 74
784 62
391 113
515 16
932 79
4956 100
1439 84
616 48
614 83
1637 28
686 88
444 12
550 35
2148 65533
141 16
510 43
2502 109
450 35
737 54
1061 1264
3015 122
11 1552
455 30
274 76
0 1382
966 100
380 24
1568 67
1335 56
970 72
1721 118
934 13
289 83
452 97
1804 12
906 28
1985 60
1232 69
120 65533
774 69
0 1479
553 104
1435 59
2972 65533
672 36
474 7
2408 114
1012 37
289 111
179 24
268 51
1950 92
409 117
1210 73
711 24220
268 123
4687 17
993 125
405 18
1465 62
623 65533
5149 65533
392 85
800 2037
971 65
510 79
737 116
3114 17
409 43
4956 65533
1153 86
1 774
767 88
20 99
0 266
1171 5
1596 51
474 61
316 122
0 1516
1637 80
2199 118
1707 110
1961 44
804 66
4367 74
719 65533
1 691
3184 76
999 7
1300 99
142 65533
268 110
558 107
644 105
1880 65533
385 1023
4840 70
613 87
1171 438
139 96
1212 31
2261 0
729 44
655 55
546 103
702 1
889 62
244 111
457 2
388 92
655 121
635 99
5271 65533
655 116
914 13
1263 24
703 103
820 94
132 105
3353 60
1447 62
3187 12
37 85
702 50
1335 77
767 753
450 108
1232 31
1439 54
5151 119
410 111
978 26
1213 36
284 75
1134 126
281 110
498 31
0 445
1931 65533
4485 1724
394 71
398 2
2398 65533
244 37
4485 94
284 106
3877 40
1901 62
410 935
852 56
410 25
2138 112
983 108
724 23
1056 81
139 0
2 112
278 111
972 65533
1550 126
150 39
409 92
1394 64
2937 47
1445 65533
1060 123
490 1372
1206 7
268 1200
4424 90
970 96
1153 35
1193 89
1150 58
948 2
743 26
3143 79
703 107
281 99
408 90
1439 55
1651 56
1053 65533
1043 59
1447 70
409 55
2452 99
1416 65533
888 58
882 109
4631 67
5384 38
244 6
589 96
1237 65533
180 63
546 63
1044 113
852 123
1518 13
150 56
409 99
1949 57
1740 65533
392 93
834 1389
2636 95
951 19
1648 73
1677 99
1612 121
1404 122
1648 47
4687 79
633 480
2949 61
543 100
517 71
986 31
1 4255
901 87
4086 65533
1262 65533
396 53
391 607
1288 41
4864 33
268 5
3287 83
1827 57
2 22
969 85
844 111
510 35
392 125
1541 60
815 106
553 116
4228 61
456 37
610 51
949 62
795 114
407 83
995 83
140 86
391 57
811 0
2 1387
5271 47
378 43
1287 54
614 72
813 94
2502 1204
2159 91
1949 22
872 121
0 1594
268 62
994 50
1637 35
2700 58
409 275
46 26
1 689
501 90
800 126
2170 25
296 110
380 77
752 118
1569 83
15 1721
2937 65533
1751 65533
0 1713
4668 79
447 105
795 21
1454 65533
1985 2
800 0
393 28
289 56
1965 65533
4453 73
5145 124
847 29
810 95
1752 81
5062 65533
1654 65533
2575 106
31 43
808 65533
6 87
617 65533
5164 65533
3167 31
1 12362
1888 71
1001 65533
169 92
729 14
411 61
1180 65533
1744 16
600 0
1447 32
5509 65533
174 77
643 60
498 22
4070 107
4838 25
751 43
962 57
2616 65533
2132 1133
542 46
1545 112
18 999
1763 65533
281 45
5143 109
398 104
4086 94
707 70
2110 117
900 118
692 17
901 21
667 24
2352 65533
491 1304
800 64
1 1706
879 65
1928 65533
942 21
122 89
362 96
787 77
2974 119
2256 107
174 69
268 108
902 23
1928 629
409 91
1 55815
0 56374
0 998
974 1574
5023 21
2587 65533
16 87
1050 15
0 176
683 94
812 62
1053 1723
2132 101
4505 61
347 125
271 27
301 470
737 103
862 92
2835 41
394 75
523 5
1450 101
1639 61
974 894
1897 90
962 49
4709 112
0 1871
1502 109
668 111
1507 9
444 18
702 97
395 94
1669 920
1179 89
784 35
896 14
692 21
567 89
1348 85
133 30552
361 117
1 1841
1 456
1750 65533
663 83
1083 108
1796 65533
1683 73
1979 43
1094 93
0 953
5301 65533
1545 30
16 115
1171 83
4648 84
2651 90
4208 85
563 108
533 23
810 90
4849 47
1589 36
391 35
3256 65533
2258 65533
4208 36
2502 25
1 1878
392 111
4687 39
952 103
1050 72
820 6
1328 94
718 79
2242 60
3852 44
157 54
957 47
1449 127
696 38
1320 65533
810 1854
37 107
2322 18
2580 65533
16 72
409 112
1557 125
285 99
628 37
722 100
1940 60
1963 60
862 73
862 104
785 119
1305 28020
1653 81
0 542
751 42
1023 102
5674 65
5464 39
0 1444
394 45
2861 41
133 57818
520 44
1048 96
3852 65533
4525 65533
172 1455
651 113
2262 53
929 20
3930 65533
444 50
180 14
1086 61
929 441
307 67
680 65533
795 90
388 45
5097 100
346 15
1735 43
686 35
317 46
4621 65533
0 934
1041 97
852 49
1880 96
4471 65533
663 79
1040 21
2 125
408 99
0 1965
2179 65
1465 101
1107 127
1328 110
0 242
1734 65533
1502 75
248 106
2 15
1365 51
834 88
1287 126
863 65533
4228 65533
391 125
0 278
2038 65533
268 90
877 9
2159 52
567 32
409 54
4937 27
3037 65533
787 31
292 75
2411 65533
1447 13
1848 59
792 1324
3143 65533
7 99
3 1
2408 43
126 65533
1116 108
5161 65533
1770 523
179 113
1946 90
366 91
410 40
4916 65533
2279 42
3698 120
11 54
5631 65533
632 28
1176 125
452 117
306 23
1001 57
0 15069
712 75
553 119
666 66
4934 1
1234 65533
934 79
289 94
2572 116
0 688
5390 42
807 11
1232 65533
2906 67
453 0
292 22
714 24
378 61
2073 65533
3807 113
19 56
1421 65533
5097 87
4158 48
1779 124
818 85
4086 121
4838 85
1134 5
2017 92
2077 65533
852 59
5328 65533
0 1648
396 66
1894 65533
1272 93
1051 114
1436 100
248 70
429 44
4531 6
183 1501
4622 59
2 1953
1142 78
22 101
5 74
788 63
1050 48
5416 65533
526 30
697 123
364 40
1827 36
1200 65
1328 1
1950 824
5216 65533
3852 22
121 70
392 46979
1596 115
2709 34
2214 120
268 60
1 42152
5176 65533
852 37
1937 29
550 109
2243 65533
3986 65533
796 43
682 115
139 18106
862 95
974 566
605 27
284 43
140 88
652 0
1946 50
1288 89
0 1534
4673 66
2831 65533
4493 65533
1105 101
948 55
22 80
517 24
2861 121
378 39
1555 106
1321 65533
2714 65533
22 82
1030 60
0 2028
2162 90
3169 64
4179 65533
412 0
3015 110
133 4
1033 64
12 58
5098 14
1261 123
2011 26
714 46
877 26
5700 95
4514 69
492 674
1585 3
1373 109
139 86
995 36
1314 84
974 84
519 3
450 29
2914 4
2132 117
0 623
969 87
409 82
5 18285
569 28
409 49
567 46
796 11
5508 51
808 87
352 89
2128 19
868 60
409 90
268 1591
284 35
2 318
600 21
888 7
405 15
1792 1208
989 57
901 33485
164 124
2160 38
1373 32
678 7
3143 57
0 53923
740 39
1043 113
494 28
23 65533
0 1440
782 13
934 121
1142 114
285 30
1186 120
4838 89
859 14
902 121
1824 87
1379 58
19 35
0 981
5753 92
1041 86
860 33
18 80
276 24
179 1519
582 111
914 80
2914 93
472 19
784 11
407 46
3 22
259 9
957 112
407 21
366 89
844 48
46 109
2716 93
4278 9
963 8
1750 118
1287 80
1177 99
5794 65533
2152 47
1228 68
1585 121
18 66
702 21
1394 88
3 108
490 105
455 23
582 120
347 24
683 33
2272 76
394 125
910 12
621 25
995 1603
5069 65533
1212 15
2819 26
1606 65533
299 110
2128 5
3972 65533
1950 65533
6 98
707 112
6 50
1740 59
678 25
409 96
563 5
176 125
685 3
829 113
1 1470
120 51
2496 14
1637 9
1 674
5705 115
119 22
1 545
121 4
872 54
274 13
501 75
2148 93
1770 65533
1520 65533
784 53
5271 19
913 51
1901 96
885 92
564 16
576 76
2720 65533
810 615
1 1335
4687 11
248 6
2224 1519
409 34
880 65533
4 121
274 60
288 122
1433 34
164 90
3256 81
1501 87
5667 20
4128 65533
1212 1532
124 117
3905 65533
385 27
560 78
306 53
5536 40
2714 102
455 39
498 29
600 94
409 89
893 0
561 107
2054 120
5531 65533
0 302
971 0
2519 60
388 52
1206 65533
164 16
948 63
4631 6
1606 104
692 32
1767 27
719 81
4575 65533
0 391
885 62
402 88
0 328
535 115
1545 60
1341 2
1040 1807
4969 65533
2483 54
974 1930
2 55
0 1906
1934 84
283 85
2258 69
2937 29
2835 65533
1 1193
2939 75
1394 724
635 111
550 45
2261 19
948 124
608 115
1410 65533
380 60
3115 44
1328 80
4631 121
792 14
1435 7
0 760
519 14
0 5813
1773 65533
796 37
1669 65533
795 1941
2242 119
4968 65533
1073 97
565 113
767 102
686 65
11 18413
407 117
645 1886
758 9
962 83
4670 65533
2017 65533
4089 65533
682 22
402 94
3126 65533
1340 15
321 65533
1168 12
845 18
971 6
1402 39
871 119
1287 111
121 99
1439 95
276 60
1112 74
1 1613
0 1748
1257 66
707 106
724 65533
300 71
948 60
5918 982
397 25
37 72
1 672
2443 78
347 116
287 111
1949 74
1477 27
510 21
564 0
398 29
122 1263
1 9831
1 54141
2054 82
1011 10
2 28883
0 999
290 126
1040 13
4278 65533
1110 39
822 65533
1059 57
1287 5
689 10
12 103
3997 65533
132 114
929 15
1213 105
369 63
1487 65533
533 73
0 1700
552 59
4485 65533
1387 65
2344 46
2537 28
5021 65533
4380 109
686 89
2256 103
2587 92
643 34
994 54
888 123
1784 997
1148 63
809 97
1245 51
852 127
781 68
119 120
680 118
4864 85
959 49
901 22
2033 102
176 17
1447 111
1901 52
888 59
3372 65533
474 39
898 0
1849 75
942 52
0 10109
285 110
6196 37
1946 83
1849 31
4520 65533
1215 42
658 79
796 23
317 656
699 24
934 90
1702 117
1413 118
4678 65533
1232 95
1669 58
1 747
12 28
244 82
1063 14229
1936 65533
1274 109
125 98
3927 86
2384 99
2972 70
599 30
872 14
317 116
1375 18
999 4
743 88
409 28
1005 44
268 7
942 39
268 1468
5761 49
248 119
369 108
4358 65533
1812 27
558 13
829 35
1297 106
2 825
1442 41
1314 77
5376 65533
643 45
879 1213
740 26
1245 65533
18 26
1110 74
2425 107
1210 89
2542 65533
2949 88
150 35
5346 49
1370 11
3996 65533
3895 65533
390 107
722 28
994 24
2338 78
6 73
411 111
628 11
1427 117
1349 54
6094 42
388 44
4143 1601
1568 93
1652 17
784 90
5390 65533
718 74
1303 65533
3977 25
523 95
4969 30
724 114
1304 65533
1568 65533
6091 11
942 127
410 36
963 1
2575 121
4514 65533
4403 47
512 1349
6043 89
6 46
1021 17621
582 72
3970 65533
638 62005
268 70
4687 28
649 76
1557 103
393 43
139 2
1215 65533
767 75
613 21
0 56086
0 56954
121 111
122 1885
553 78
1804 61
2716 65
412 97
877 14
180 21
433 65533
890 26
651 120
413 1970
881 14
4255 117
1606 54
1652 93
528 126
2 88
859 61
132 95
860 29
410 26
1735 29
680 76
1274 1856
4471 21
395 122
888 20
810 125
6136 65533
1442 65533
1287 76
4208 65533
289 48
5035 65533
702 127
724 52
6196 53
1138 4
1360 13
0 1451
2381 102
4120 66
1387 112
787 4
1714 39
450 75
5050 65533
1946 247
1812 119
5509 51
750 36
12 70
164 13
410 62
244 17
121 71
5360 65533
1026 444
692 117
141 58
1394 91
822 125
1005 108
2861 65533
6028 55
274 124
948 13
408 1977
2272 106
852 108
5531 125
450 71
278 122
1012 127
966 109
774 72
2634 482
1427 445
140 62
1488 65533
1612 61
285 42
1790 65533
37 69
601 124
855 3
4685 65533
649 117
1464 17
1021 98
1940 116
645 14
599 1133
5751 101
525 2
2038 96
1985 102
387 91
2165 104
979 67
992 65533
394 90
2885 40
17 94
647 99
591 121
5526 65533
2128 34
2893 87
2234 127
362 109
0 1425
1151 22
1503 65533
307 59
948 107
3078 45
133 33
792 30
374 107
132 31
1117 109
1213 119
404 121
404 102
542 109
796 33
411 123
3241 85
4665 65533
1051 22
2588 65533
1 1652
855 79
301 10
1373 25
2 760
1632 1962
602 54
5319 65533
120 44
300 93
767 55560
0 56524
2404 43
289 75
872 125
174 71
372 81
4631 65533
410 117
2322 747
2488 65533
388 19737
296 91
824 94
2709 53
361 73
818 7
4525 83
169 23
901 92
4414 118
1171 69
1210 8
4010 69
5328 127
5023 34
139 57
368 510
1320 100
4937 20
5853 103
409 93
526 17
784 59
1138 90
17 104
4081 112
702 0
411 58
5161 7
296 62
1083 25
1973 61
5437 65533
388 111
1111 2
1247 25
4020 28
2162 106
394 69
9 84
1051 113
1652 73
139 75
492 68
0 1188
5742 2
567 4
2414 114
5849 65533
707 55
2 1
121 105
1750 88
810 9
795 110
722 111
133 2010
157 5
412 95
288 46
1030 14
722 32
1568 8
523 31
2027 91
2159 103
1094 67
352 12
954 56
4153 1300
638 31
396 92
1740 78
2709 93
702 63
810 118
813 105
289 62
1598 100
454 17
2199 125
1740 60
4986 83
1463 65533
1963 24
1473 65533
1261 66
409 1063
4670 120
2575 69
409 65
121 108
2187 6
306 9
2575 59
1194 42
1880 111
390 78
283 19
1188 116
934 35
1111 65533
407 115
374 76
2319 53
1225 84
1738 65533
2 1546
5271 84
2633 0
1241 114
409 1453
666 3
633 10
538 1528
0 1285
0 382
1 31855
1569 114
2529 105
454 91
410 53
4281 21955
124 92
4 65
5674 94
3214 125
785 76
1394 120
479 69
1580 35
702 42
1873 27
692 31
176 26
807 2
498 120
752 14
281 53
1 157
882 108
1735 102
5705 27
1555 110
3 88
906 127
647 31
1442 110
1387 36
675 68
667 13268
743 66
3015 1495
1752 28
702 114
2191 48
5817 65533
651 89
1946 100
0 869
526 92
518 107
1946 57
888 76
300 848
713 112
1059 65533
1139 24
3214 65533
810 75
2224 44
1770 71
1047 36933
316 63262
508 109
1296 110
2218 124
792 88
652 5
281 51
407 102
4064 52
1519 93
1572 110
1804 65533
1038 36
901 46
0 777
2002 25
2204 3
1435 99
787 54
122 77
3015 36
829 98
6317 65533
2095 29
2110 6
2500 1
1328 84
1645 46
380 94
5816 90
975 98
398 115
1 1342
4606 51
744 24
645 88
1936 24
2814 862
2096 85
949 109
397 53
871 45
1020 10
3 57
811 60
2096 98
535 42
6447 65533
2893 121
860 31
864 7
366 8
5738 76
172 86
635 56
966 35
1804 92
1379 105
553 26
140 73
682 35
6696 65533
6473 35
456 10
17 39
881 25
0 1688
290 127
6135 12
133 29
3246 70
1663 65533
22 102
455 117
1740 26
456 119
1450 1211
950 39
0 1754
1773 53
5412 31
4208 2038
306 21
2261 24
1370 26
701 35
398 1605
1040 126
2054 55514
0 57194
464 30
1150 65533
1154 35
1082 14
1800 75
1193 85
818 62
4838 731
932 65533
4089 88
2408 92
2991 104
2442 73
0 17823
1985 8
2261 60
4736 65533
409 1564
1685 65533
966 123
3178 44
3218 119
474 1119
268 1453
1888 103
2610 29
3879 80
276 66
1464 91
4163 123
2529 92
2582 111
1213 33
1442 19
120 2039
2162 48695
949 95
268 410
1386 65533
385 72
1264 65533
1026 4
172 1504
309 87
268 95
1707 7
2262 1357
1 1642
1730 65533
893 60
1176 119
405 25
910 48
16 127
4595 102
1200 106
5493 65533
2819 31
1776 61
702 111
1 1481
4099 65533
533 101
701 73
730 39
0 63359
139 47
4986 65533
774 55
2128 13
361 33
278 85
456 80
3243 100
4 120
46 14
2 623
613 62
377 107
408 22795
5864 65533
1288 75
455 55
2 6
4313 65533
1586 71
1148 112
2835 8
2407 96
378 70
3126 83
2187 105
845 71
5727 39
879 26
409 29
281 84
278 38
1159 73
180 28
453 42
1594 56
4917 45
387 47
1095 114
296 46
989 1124
864 11
2854 52
5271 12
2468 123
2 616
556 121
1 1495
1345 92
510 28
16 50
948 127
686 62
1650 67
3256 91
812 91
1903 8
268 48
1188 88
2375 11
4212 75
281 22
5913 65533
1162 85
1 1505
3214 4
1065 57
119 72
1110 62
20 221
1296 3
877 57
4095 65533
1328 1724
122 71
1979 60
4968 1953
1328 21
1233 122
5161 65
380 72
2179 71
309 118
643 35
5464 71
5283 65533
1193 43
1612 103
3208 53
743 27
599 16
1897 32
867 73
0 54165
5 61
1545 17
6373 65533
807 84
1654 66
864 89
5390 19
719 79
807 127
553 19
939 5
675 49
1387 65533
2128 67
352 41
300 102
0 926
898 23
1200 0
1645 6
1946 120
975 29
2258 45
132 107
2580 111
782 65533
1117 5
1501 70
1606 64
268 37
2542 124
5747 1397
316 111
4156 983
775 14
1 1200
268 122
2872 77
490 117
150 75
407 106
410 57
711 121
453 52
1961 113
5271 91
552 4
398 1774
37 89
4014 115
352 56
972 107
1 867
613 64
837 127
1003 98
372 68
792 51
1936 1270
6373 9
537 110
1586 35
1200 120
2174 63
2502 110
553 59
4 112
591 14
697 72
781 52
1902 96
393 65
647 96
390 70
647 49
1171 48
409 69
3143 6
1059 94
1650 113
3677 65533
5536 10
3114 78
2792 65533
402 82
393 55
1563 121
758 65
300 49
4358 114
4109 65533
554 101
124 48
285 12
929 49
871 71
602 102
474 3
614 122
2331 65533
2 437
1748 33
1073 117
4211 35
807 16
1657 65533
1 1262
491 60
5167 65533
1585 65533
1171 106
1642 120
1714 109
983 53
795 36
1335 36
1938 31
707 0
6911 4
2640 65533
11 58
2853 65533
1035 65533
412 42
169 19
2207 106
2452 65533
3015 45
2662 85
532 82
1870 12
1245 42
1 1974
7037 65533
124 56
1 1292
629 69
3986 13
123 109
169 94
4353 28
913 33
5842 65533
3879 121
397 103
5 90
508 54
5557 89
1040 74
4297 65533
1449 1324
380 54
450 32
2241 50
278 26
2557 91
5707 123
907 87
569 98
160 38
852 13
724 74
1177 59
2872 64
6091 65533
377 43
1888 119
744 56
6576 65533
835 65533
274 105
297 405
369 50
767 35
1678 86
1350 97
411 1141
1300 91
1549 11
6956 28
1598 104
6156 30
974 111
628 33
5101 65533
603 90
538 72
1937 73
1678 24
1621 146
3678 1630
2440 65533
2159 123
296 112
1447 34
558 76
7089 122
140 25
1559 125
1 183
316 36
3313 35
974 16
1463 110
410 54
118 65533
5464 65533
538 125
0 49967
4135 43
2 1071
2669 26
758 104
0 1618
1767 109
971 27
140 35
2152 75
7 81
1193 2
3771 65533
5428 65533
1518 53
1653 104
268 73
9 49
1375 123
934 40
1569 86
702 698
1257 65533
6493 69
1918 22
533 53
2128 109
4525 84
765 65533
6 118
4518 65533
3921 62
46 79
613 101
1188 87
1176 55
2278 65533
157 32
407 123
316 70
1814 65533
1439 56
722 94
613 94
1569 123
1750 95
7 39
2518 69
5525 65
740 20
4095 124
2641 65533
5727 68
4736 25
528 89
4267 94
4620 65533
5727 65533
550 2
3920 65533
3155 84
589 63
1769 82
872 1503
491 17
464 5
6475 36
1979 65533
1770 3
1066 45
2128 113
453 21
1272 105
813 1237
5046 46
1219 63
1519 470
133 28
1 1731
810 49
409 819
888 61
0 1916
1607 65533
813 19
457 82
5 35
1162 45
560 27
2250 65533
1447 5
4020 72
571 63
1159 27
1850 61
352 82
795 88
862 96
1433 91
951 0
855 114
1038 58
893 14
639 105
1651 126
820 108
5747 58
3985 123
2542 43
17 14
276 125
2532 46
4532 56
1413 55
0 1489
402 23
654 96
5048 49
413 62
2160 37
2262 67
533 27
16 291
268 99
0 1358
872 31
999 109
675 59
787 90
1020 113
829 31
5294 584
1677 105
1685 49
929 55
767 114
649 58
19 119
641 1772
15 102
17 101
370 96
2250 97
120 36
409 39
1545 88
1232 0
2997 65533
1125 16
999 57
544 92
450 14
758 124
711 29
5997 65533
533 70
5738 65533
7251 68
125 33
666 64
906 24
729 7
1 1235
1232 83
504 100
519 1
633 127
1744 0
1970 65533
1447 65533
1767 63
813 11
474 34
600 73
654 21
5111 31
1012 42
412 117
290 34
120 49
774 65533
2033 13
5913 1745
766 65533
3997 123
0 454
812 115
1637 109
3986 59
6417 65533
18 13
6293 65533
932 29
1083 120
719 82
6846 43
666 117
3672 65533
5271 22
6741 21
0 1564
1270 63
696 1416
613 121
5109 65533
285 60
4 72
3 26
2521 82
673 12
428 113
567 1013
22 37
268 3
880 100
372 117
1033 110
1792 4
398 1706
397 43
5142 101
517 42
3254 73
651 100
1979 28
1726 52
6069 65533
284 28
7193 85
647 70
888 485
1568 73
1325 1449
157 115
4143 65533
2109 65533
1286 65533
1688 65533
2821 65533
390 29
1622 105
22 8
2502 121
682 94
1065 124
410 80
571 50
4274 65533
409 1688
7084 65533
576 57
284 59
2184 49
558 31
2166 75
1047 73
629 115
517 64
1 1811
1142 1533
2249 21
5294 65533
1659 65533
6347 65533
6094 103
120 38
673 46
1211 6
820 36
2937 11
818 2000
1420 51
1112 53
795 14
974 41
602 46
983 13
2152 88
268 1017
594 87
2518 117
6338 122
818 102
1648 85
834 1310
974 98
559 116
18 38
552 3
813 74
285 122
4866 40
813 88
1373 1363
614 19
800 55
2384 22
691 1
1 1933
3243 1174
1094 60
404 11
387 86
1637 53
248 94
1 761
2599 113
5869 32
1 1300
672 154
2770 82
1111 80
812 1374
2483 116
645 80
1296 117
5508 117
4587 65533
603 83
392 9
718 98
6 70
306 20
599 91
1963 62
1261 59
1387 79
514 99
738 109
119 11
25 25
6898 0
1 1430
6004 89
0 287
410 24
5402 17
1247 89
2636 1
559 65
4928 28
0 1483
456 107
2128 77
1082 110
2345 65533
7 96
7 67
316 100
20 100
582 12
1288 32
1056 108
1107 53
268 62444
2138 105
1767 49
388 97
901 24
1451 81
409 33
722 88
397 51
268 54
1047 14
18 35
378 24
2319 74
1782 11
141 1460
950 1645
1897 36
629 28
387 31
244 83
2 1911
1005 21
6003 65533
2505 65533
959 65533
890 105
306 117
5428 52
552 99
558 25
454 37
1938 57
1282 122
3879 107
409 118
567 27
1048 58
12 122
5109 558
180 23766
906 39
1041 95
0 1608
1863 85
767 90
1335 29
1897 55
4969 33
378 55
1451 44
2 19
3126 52
525 63
268 98
4664 65533
372 47
1979 54
538 21
0 1021
906 55
1549 103
1767 34
714 720
948 71
169 53
1 55708
0 57139
2202 13
2854 43
586 86
1196 24
1247 55
380 690
377 33
5760 65533
428 63
932 49
871 65
4079 30
4004 98
577 38
1721 29
6191 95
2393 21
252 112
0 301
1651 5
1086 36
3969 65533
464 109
398 105
2331 76
1 298
6681 119
5248 103
3852 108
5485 65533
523 13
409 103
519 76
405 35
696 127
409 1
4934 105
4826 65533
7297 65533
11 63
309 82
259 88
1848 1529
0 293
4838 116
316 60
6681 1968
1950 1762
3239 66
1702 65533
0 1552
244 96
1627 64
1059 1550
285 25
1873 31
1247 53
7164 61
3330 65533
2512 1437
5293 957
4849 65533
682 64
1014 13
1770 127
409 88
945 104
3 107
4370 0
6094 65533
288 1206
1812 1639
2 1774
1694 54
4278 80
1714 96
1375 49
1410 70
4548 43
492 92
740 11
5310 78
713 126
3678 103
444 40
1145 16
0 1841
496 31
4020 65533
1116 78
1176 50
402 48
7284 99
4162 57
1105 65533
579 119
1122 114
2180 65533
22 51
411 94
1663 117
633 109
1674 127
948 59
4975 51
0 1464
3338 65533
4120 65533
1678 49
602 96
176 48
542 71
1171 187
3 13
1066 870
6419 65533
2 568
686 42
915 121
274 61
1586 92
4425 391
796 123
7 114
3199 34
519 112
4752 116
1550 53
405 103
157 42
3004 53
1439 0
512 112
5724 26
309 49
402 2
7527 65533
730 34
1637 59
0 1297
2700 113
2179 13
900 103
1569 115
296 23
614 55
248 28
160 30
5817 189
4523 65533
1300 3
0 711
709 35
1 1219
397 74
300 86
140 40
1247 105
7488 65533
410 109
1519 50
1507 50
285 108
1012 68
934 88
6296 65533
991 85
166 65533
309 126
644 64
6407 118
244 65
454 1459
455 73
2065 7
811 27
781 91
316 29
1519 104
586 49
409 84
602 27
3958 62
792 90
0 697
283 41
628 44
479 126
1488 101
666 96
686 101
813 127
7308 70
5111 65533
1148 116
2507 31
4414 78
1210 110
4757 107
1145 369
121 76
409 41
2234 120
1188 36
1595 65533
815 0
2034 62
750 120
652 91
411 32
252 117
638 1500
7 30
0 2045
2319 12
896 90
457 81
962 92
561 78
6 79
7284 85
22 114
994 42
3056 1353
299 11
1193 113
1288 62
1790 86
119 63
2152 60
404 2
1 623
364 108
6287 65533
1166 65533
1714 125
402 40
6194 81
6547 99
5817 76
7574 65533
0 1236
0 59426
17 82
5023 1416
1559 65533
31 71
0 572
1645 48
317 94
1287 6
6883 41
4460 65533
2896 115
394 100
852 8
591 105
395 105
1 2017
169 30
402 121
1011 53
393 76
663 92
393 97
608 97
1812 73
1979 40
248 20
718 46
7144 65533
2250 117
896 115
4584 60
5595 65533
2384 65533
288 106
673 113
632 51
361 39
2398 114
4701 77
316 32
5271 65
285 32
7297 61
810 15
369 105
1 1892
1348 127
966 103
1596 1426
140 85
2529 113
5884 65533
7473 50
995 38
517 36
1863 49
5908 37
1122 1567
800 120
1375 59
581 62
1171 39
5111 117
1296 65
268 12
1030 102
2781 91
3187 65533
4 64
274 62
785 125
3925 99
686 114
6450 99
5092 65533
901 89
2384 46
259 42
3015 10
409 124
1938 42
6 1699
0 1251
6501 89
880 39
18 78
1936 52
3997 127
872 67
722 113
20 87
1117 82
2018 101
292 99
820 18
1 1942
274 110
794 122
409 19926
2675 67
784 78
3143 71
2972 0
1577 5
3115 19
2012 65533
1463 56
7377 65533
4769 65533
2038 70
1844 20
0 1772
599 121
670 31
951 48
2716 87
6681 65533
811 96
1154 21
1171 85
5438 60
647 67
1041 127
621 63
632 47
1180 108
3914 65533
5540 39
569 19
577 142
2436 106
7 103
491 46
603 77
744 35
2518 65533
503 65533
124 1717
268 93
4611 65533
456 34
1247 119
496 502
2148 90
139 120
3909 65533
1145 99
729 65533
4673 111
730 60
941 65533
1870 122
0 1131
653 23
1650 52
141 91
2410 82
5718 65533
5054 65533
1420 91
577 55
474 11
1680 65533
6338 65533
1909 68
268 1319
317 26
5536 65533
131 39
2895 6
2159 61
744 31
912 126
5747 88
540 60
4986 92
822 88
710 11
4 88
6287 120
309 30
1650 11
784 75
0 346
1502 22
2537 105
1918 7
0 1824
1023 115
915 65533
519 21
2241 109
682 117
1549 8
1211 19
5074 65533
4868 65533
785 87
526 22
680 127
6338 25
1768 7
2716 14
2781 104
4425 65533
395 52
5023 39
915 85
858 27
2018 14
510 107
1379 802
774 118
2049 27
6069 29
392 68
4896 10
300 50
2443 9
1294 30
2587 112
1181 97
409 32
409 79
1370 124
7524 45
5293 65533
542 59
5747 40
120 1330
738 32
859 9
285 1521
3239 106
479 121
1270 54
989 109
949 110
3850 12
744 0
7533 65533
586 123
906 116
4501 80
2623 65533
5753 95
1751 27
2110 92
362 73
0 1874
6 114
4884 65533
1339 1382
3066 100
124 67
1094 87
1909 1550
0 425
490 97
4968 4
398 74
553 82
1979 981
301 39
628 61
613 56
0 381
737 85
394 34
3850 52
2670 24
0 59768
1261 715
18 34
19 26
6317 55
140 56
512 24
498 100
122 93
4575 91
248 118
1555 1696
3844 33
950 29
2249 11
0 55509
0 57256
1 1781
1779 107
813 38
1770 104
121 109
405 110
682 86
714 94
268 58
409 25
0 872
3239 340
2 999
4089 49
4968 124
7341 65533
6044 65533
2518 113
6808 65533
1379 121
317 29429
1108 24
393 77
268 27
391 30
872 103
610 95
4 105
1637 116
893 102
5283 93
1145 117
1946 16
901 51
444 112
3143 12
1868 7
3054 117
2781 49
1404 21
4361 65533
1212 117
1897 62
1394 84
183 108
6741 127
784 113
3887 12
7940 51
6294 65533
2199 48
479 31
526 82
1349 16
643 89
542 57
6945 119
139 124
1227 11
408 100
5769 65533
2689 65533
1211 48
835 27
1657 0
307 78
5078 57
297 7
306 28
2 451
663 39
7297 47
1442 6
966 91
872 100
881 72
4838 65533
372 67
2712 120
980 16
1151 110
1971 30
1426 123
3054 93
1606 121
2840 65533
1683 111
6311 1658
1180 65
1735 28
4344 65533
407 58
0 1523
4353 49
2712 52
994 5
1288 99
3115 50
6554 88
1371 21
1435 45
6373 714
2159 1297
2781 65
5557 65533
859 1161
172 116
169 66
4380 42
139 23
7940 31
722 80
22 1
1021 28
5743 53
393 69
1296 33
586 106
2374 65533
528 25
6196 73
244 106
410 37
498 69
0 154
512 106
7 24
553 103
6275 35
978 92
0 62253
5164 88
1348 16
1379 64
1768 56
643 118
1047 1828
870 65533
1211 100
1213 50
576 90
25 75
1918 47
4626 65533
176 126
818 49
807 97
1001 28
119 30
888 89
1958 113
411 78
0 1982
6109 14
503 127
7034 81
132 12
860 66
1050 109
392 39
2279 15
550 52
1465 91
7 42
1375 121
4370 57
1300 109
2320 65533
361 82
6 873
6309 25
1371 105
586 63
309 15
0 686
1086 1617
398 10
2861 112
929 19
807 31
722 18
1040 124
752 81
1995 40
4605 30
835 100
160 92
8127 204
1254 22
999 77
2459 55
600 88
2138 72
532 117
292 108
297 105
2204 12
1463 14
0 1880
2443 39
1849 1522
317 73
124 17
1712 0
675 7
3119 97
8199 65533
6475 10
0 39138
812 74
2241 113
5161 14
4622 65533
3187 124
0 712
0 1052
1179 65533
4741 101
1261 120
1090 44
6126 65533
1533 65533
1171 189
172 415
2410 966
4699 65533
965 110
881 7
1514 1
4969 74
2 805
2 803
644 61
855 120
2520 84
600 120
4838 32
2199 65533
680 61
1736 72
837 1432
6911 52
621 39
1888 49
2868 65533
307 61
2319 36
999 108
6684 29
2500 65533
628 64
4159 65533
1740 88
119 109
125 108
5098 596
292 127
8285 83
409 1652
0 1942
2234 1901
1850 65533
20 28
781 36
6413 65533
1030 50
300 78
5794 22
453 123
5428 66
2747 63
1116 85
1918 95
8115 1001
7451 117
1669 44
4020 37
4840 62
6547 0
1784 122
5140 65533
378 82
125 89
880 65
767 31
868 24
7297 122
1196 57
929 53
8318 65533
2599 115
675 58
3970 35
7144 111
1691 65533
290 98
906 1270
3800 70
1083 82
1270 16
713 6
5519 1
2442 65
714 4
4673 65533
632 125
749 63
3921 43
1707 65533
704 65533
749 89
1171 0
4781 693
394 85
586 27
2537 127
803 110
2096 73
699 37
1779 763
781 111
6184 480
995 31
397 158
719 9
839 122
913 30
4717 90
7638 115
667 127
667 71
879 111
139 118
1133 65533
1568 105
450 99
268 102
409 80
2256 918
802 82
2240 65533
1477 31
983 113
889 0
1863 93
7284 93
1058 1962
1205 4
5531 80
1272 60
2602 65533
1780 65533
1439 1126
749 84
1873 12
276 3
123 99
297 31
901 1508
6731 65533
3199 65533
668 48
1387 71
0 763
7166 65533
3153 106
369 1122
7417 127
297 63
17 79
409 27
396 67
933 65533
4595 28
1920 5
12 81
6956 65533
562 121
4750 87
3226 15
6375 65533
454 1208
140 96
0 327
4685 62
1272 65533
296 101
4866 65533
3240 65533
452 127
172 78
1645 71
0 641
1894 100
2836 38
1059 105
1247 127
0 1423
1433 65533
391 114
1 1534
292 64
870 21
0 1061
1211 121
444 119
2165 65533
169 11
408 17
533 91
0 1625
393 66
758 7
510 82
5277 115
1 1351
0 1467
6681 61
2096 127
994 823
3970 73
1465 22
510 31
1012 49
1194 26
879 102
0 1911
292 87
1186 105
5557 97
16 35
2991 27
1804 127
5455 65533
1282 79
453 105
862 6
1325 73
133 76
428 41
1568 125
675 50
1735 93
3921 65533
1 1337
1750 71
474 27
2241 117
855 72
2328 65533
4898 1
1328 105
5023 87
1750 46
123 95
4525 14
1 144
2637 77
369 44
651 69
5196 65533
1776 25
283 72
692 7
169 90
5766 29
881 80
563 100
533 58
1901 93
808 109
5325 65533
174 18
2914 0
861 98
2166 1709
4631 11
528 34
2502 69
8552 104
1301 65533
4165 81
2381 65533
948 0
252 107
3167 65533
446 54
0 1628
864 104
20 121
2662 40
1061 51
0 673
4322 65533
288 90
6665 61
1038 65533
1171 84
0 1222
1196 61
763 65533
1003 63
1105 13
409 70
1232 107
2393 65533
409 14
409 24
4322 4
180 7
4809 65533
1012 85
4648 65533
1549 64
1373 127
784 116
6196 65533
3972 102
405 123
1261 110
641 65533
812 84
4975 1899
2917 65533
614 103
268 67
1055 13
2284 55347
0 56546
568 78
978 111
663 99
963 21
2976 87
17 28
1569 103
6730 24
4228 98
1487 75
1082 2
380 12
50 31
3921 11
4504 39
479 5
5 42
5631 38
1632 43
121 85
1060 16
3678 95
248 53
1464 61
283 81
1757 50
2890 95
7727 65533
1083 79
562 60
752 115
5847 65533
2651 57
787 123
766 125
614 8
538 99
696 932
1188 54
1435 51
309 19
2644 44
1894 6
1612 107
1569 25
1214 40
569 96
1112 37
405 36
643 14
1247 56
6450 65533
2 1951
528 1243
1145 15
1 1360
2017 35
621 38
995 89
6196 71
390 7
1024 85
501 15
380 67
8577 65533
396 111
1 712
464 28
2757 125
7296 111
490 61
169 75
0 715
5891 105
1288 4
4758 65533
276 1
5508 65533
407 997
979 107
5346 81
1545 35
457 1017
4004 71
5812 65533
0 733
5 77
2 1266
278 42
1721 59
7255 119
1648 29
744 77
2029 65533
515 112
1066 120
2684 112
1278 101
1245 115
550 120
2374 55
139 91
2816 60
647 65
1213 0
4089 126
122 90
397 124
1012 31
411 101
802 63
409 73
2557 75
795 121
1404 66
972 72
4866 22
369 8
6156 65533
1864 65533
737 8
2359 68
614 41
796 39
1117 119
6665 95
1464 44
803 85
589 118
2173 22
288 741
1125 27
917 105
2166 81
673 125
6598 65533
2672 366
1305 65533
501 11
498 5
975 38560
1677 65533
6426 110
1740 1443
1903 97
1427 10
402 90
6549 65533
795 76
1020 59
714 48
691 39
1 1214
7029 55
2520 118
6309 1
410 106
398 43
600 115
1748 265
5980 65533
274 31
792 93
1519 36
647 29
682 47
169 37
594 69
119 28
2096 69
2431 1721
1903 116
347 50
1310 65533
5455 60
394 79
4471 1711
6911 49
1445 16
1766 118
1270 28
4322 67
1288 5
301 40
1296 14
1 1411
268 1401
4010 65533
6214 98
1043 121
614 70
2967 1404
410 123
522 71
632 74
550 85
0 1895
2452 79
1550 108
709 99
1678 98
845 53
702 81
5069 84
0 18099
1740 24
491 36
6 236
812 63
7029 83
2331 102
0 1089
1928 91
2165 126
1030 7
1433 7
526 123
1073 102
550 1721
722 93
410 119
633 53
8494 65533
1439 96
2 476
16 14
9 36
1 684
22 117
3382 110
1083 109
5074 712
564 56
3905 75
4838 113
449 67
410 75
1210 52
1436 60
8297 2
6112 65533
808 53
11 46
278 88
37 93
5875 97
1439 125
675 48
5753 17
7644 65533
4986 30
8032 4
962 116
0 46275
1938 63
1310 79
2819 123
5181 75
813 118
822 121
5177 74
1215 72
7150 88
490 25
389 65533
2456 41
1713 70
446 88
3214 76
7473 111
1001 85
628 86
1073 49
5536 64
1784 25
1910 15
1012 51
2159 76
121 102
782 45
4665 23
20 92
0 1866
172 26
5817 72
7045 65533
1012 92
4595 84
5868 65533
976 94
652 123
479 596
122 85
526 72
474 52
0 60692
576 12
1674 10
635 101
1447 49
822 77
1723 90
453 45
2242 24
1105 53
565 33
1026 21
1036 120
766 32
6187 51
2 1323
1 734
974 7
449 12
1763 92
4408 65533
644 112
957 87
4868 14
396 123
0 1461
1769 46
810 55
174 1369
1509 52
807 24
667 74
0 479
882 29
1212 86
2159 79
5285 65533
1903 96
906 83
4934 65533
702 105
301 117
3932 120
542 0
268 158
974 82
0 7818
0 446
963 41
2243 1452
0 340
1307 65533
397 125
8685 65533
2955 37
394 36
673 23
577 58
7940 106
1171 54
2096 53
0 24247
2199 88
1901 67
3350 109
456 1109
1053 40
9 63
1193 485
519 10922
796 61
292 21
378 86
4388 18
1936 13
409 37
1 945
6179 59
835 82
300 4
2374 66
1888 57
172 59
1596 100
18 119
0 222
1688 77
1477 8
1464 41
995 110
2831 126
1933 24
4484 65533
6804 65533
5423 65533
2520 67
292 47
730 72
7311 16
9 39
5508 6
176 1488
7644 90
3879 104
0 1670
4678 109
781 15
1650 3
454 52
6598 57
3879 83
1596 65533
491 125
1824 50
1122 65533
550 127
5328 86
1261 91
2502 73
6136 44
1296 108
6547 65533
1026 124
839 61
1001 21
2393 75
121 30
1003 47
718 91
1211 80
4866 87
8097 120
1294 70
6029 119
1348 93
1373 107
454 119
288 105
1868 102
19 55
787 57
8033 115
1863 95
2906 65533
0 1148
4717 65533
2667 37
1373 17
7046 25
3025 24
1247 46
1637 43
385 817
6473 17
1387 119
1541 65533
4587 4
119 119
1867 117
1213 124
496 79
0 1307
392 109
1746 34
377 64
0 456
629 39
11 119
5525 65533
1402 59
2654 63
0 1649
1379 65
2852 124
553 41
2529 96
1973 125
619 12
5271 73
274 38
1642 65533
2716 71
872 106
1117 104
410 87
453 58
2207 1357
1855 91
994 78
5752 65533
187 92
8980 65533
2 1715
1171 70
1386 817
410 118
454 103
2 1194
3973 60
1946 110
402 37
1011 28
492 31
6768 65533
1949 75
654 122
763 49
1251 89
1990 65533
3015 74
571 36
1751 86
5868 105
316 33
1677 51
453 59
2533 65533
820 31
959 65
6192 65533
7025 65533
120 43
0 628
4975 3
1 30399
571 99
316 124
4752 110
456 7
5176 52
6209 13
1261 36
999 26
792 127
352 54180
818 931
959 57
4423 57
306 59
306 88
3958 21
629 113
2 189
713 73
730 54
7982 93
5557 1244
913 80
276 25
268 4444
8718 65533
1569 105
2359 44
701 13
0 887
5390 63
621 36
411 47
1 2506
1451 91
1110 124
396 113
1254 94
2712 74
388 78
0 2306
535 86
369 64
28 113
6187 65533
296 104
1362 47
1712 65
1142 74
629 45
5 89
890 108
284 32
902 81
7297 65
1213 53
1060 46
528 123
552 101
299 74
283 74
3918 103
619 20
309 66
1151 91
1148 54
3114 56
582 42
292 17
913 127
784 36
6883 125
6529 124
1212 120
740 70
5526 41
562 30
668 44
906 45
934 41
1033 1
1196 92
276 127
160 1813
929 78
5437 62
396 29
140 90
5026 457
1210 36
533 99
1188 90
6808 109
6136 72
589 86
6489 3
651 102
1949 98
396 119
301 59
410 15
1848 67
6407 31
3126 88
1003 45
1550 40
818 54
675 73
140 84
5432 65533
3958 65533
5938 93
3905 85
517 127
121 18
6892 25
963 119
1707 58
19 1910
452 37
3218 2007
297 12
2700 80
929 14
1023 82
855 93
592 65533
1303 22
0 1851
988 61
3037 25
603 251
942 40
1 650
1176 122
5976 65533
813 99
274 106
5151 65533
2871 65533
963 60
369 100
1577 111
491 121
813 82
3012 39
4488 35
901 103
1937 65533
449 1310
893 12
268 44
2425 21
0 1178
306 44
796 3
523 123
795 107
795 116
729 30
2275 65533
404 47
1744 1
296 71
4089 25
413 4
9096 87
1808 29
6761 88
150 98
4752 4
1 445
1125 73
2159 1507
3143 60
673 74
666 91
2179 98
1651 9
7371 65533
409 341
398 82
2011 85
885 544
296 119
2 41226
1086 12
533 90
5134 81
3890 65533
122 82
8797 87
1095 49
809 90
408 91
4752 69
123 53
296 118
4126 105
17 107
685 21
743 118
561 111
402 123
409 60113
0 1728
2781 118
934 21
1657 86
2530 41
4488 45
1752 84
699 84
4792 52
2813 65533
586 15
1550 117
1539 63
2374 30
402 70
12 107
300 91
565 18
140 1021
407 1961
1150 110
0 1585
377 73
1 1232
11 37736
164 119
3019 93
877 102
446 12
4866 127
526 53
1210 40
2035 222
519 120
6768 123
5069 76
268 41
3948 65533
978 124
288 103
1949 109
877 98
750 37
0 1315
374 17
123 5
1014 96
2445 65533
5631 1534
1518 120
7373 65533
643 321
1863 72
647 117
3 109
577 85
561 83
624 16
7825 65533
4045 1980
4045 30
409 835
22 1674
632 7
971 30
0 2009
1568 117
1451 53
600 59
1210 125
929 76
4255 58477
1658 65533
281 32
683 126
2 1459
1737 60
398 3
718 22
8956 38
535 33
120 1852
3013 96
1744 7
963 10
3239 4
929 118
1176 99
410 105
410 70
1107 68
2835 67
6121 105
1973 1355
7883 82
5256 65533
5940 65533
172 79
1095 60
1917 71
1549 33
569 10
845 126
2322 86
0 790
1021 53
675 54
2207 94
1729 59
796 86
890 1885
1056 28
7589 65533
1767 1196
2500 122
1203 76
1672 69
5008 85
568 73
11 39
603 91
410 31
932 114
1 486
810 34
1159 71
1314 36
2243 53
7364 17
9223 65533
4105 61
1987 65533
0 417
428 22
0 1520
1569 44
858 124
6100 31
514 13
4838 114
738 4
2170 20
2398 29
3113 60
1946 119
4485 93
409 113
4208 119
4342 62
268 7059
813 95
3921 121
886 1819
372 30
1328 4
1714 124
649 95
2328 8
4086 13
1404 23
1447 61
1200 95
1918 65533
3280 36
890 49
5142 29
1946 10
1907 65533
5489 65533
119 68
274 112
278 48
316 103
1030 12
4193 22
490 77
292 120
2096 84
519 50
0 1371
562 940
1674 92
900 45
4332 65533
970 91
1 807
2369 65533
939 110
2110 1492
1547 84
8721 65533
31 66
4267 65533
898 63
1901 92
877 111
491 88
0 576
1041 8
140 97
4010 2047
811 100
913 48
396 114
774 49
1 493
1171 107
1447 72
2502 14
278 112
2393 26
1030 99
2132 113
603 94
1105 47
774 110
974 48
6360 64
519 0
7014 65533
1439 110
1447 121
651 70
5526 17
1348 117
5889 99
1370 71
980 3
730 66
4866 27
839 1862
1946 19
2914 65533
2501 0
8015 117
2700 39
4673 24
6529 55
686 121
160 71
1 909
0 661
906 63
877 80
6 62
993 66
1305 92
1325 75
8479 16
576 122
2408 65533
510 36
1020 35
645 8
297 1500
394 111
1310 57
1061 87
3158 15
274 20
1702 1329
368 88
2049 29
150 28
3167 28
1 1102
5259 65533
543 1754
4933 78
6580 45
558 42
1545 27
8436 65533
1021 63
963 83
1557 114
855 99
5210 67
5800 72
172 21
1047 6
4709 54
2572 25
450 50
1464 74
268 84
409 2
3243 85
647 2
2588 40
1557 64
8893 65533
4859 65533
3773 110
2483 124
988 32
2398 154
2187 75
2518 43
410 95
582 35
307 107
635 5
4977 65533
449 87
864 92
5847 69
2700 90
600 112
5733 63
2224 21
397 105
244 14
2352 57
1763 123
1305 87
1824 94
2 1214
5557 70
0 1013
2557 116
391 10
518 102
767 74
1026 66
183 1956
3674 127
5 96
1744 121
2290 65533
1712 29
2179 22
4898 94
515 89
1705 65533
2048 65533
309 121
418 49
2 1417
4081 65533
296 76
464 47
46 28
888 952
6044 8
983 90
538 966
1 1734
140 40238
285 29
8003 65533
6293 45
0 899
812 42
585 121
910 67
1349 74
1177 119
8421 43
1 1121
1501 4
396 39
643 32
1012 88
2004 10
408 11497
409 1785
1036 124
544 69
164 75
774 40
971 61
408 84
888 97
906 89
121 96
913 75
796 73
12 20
1946 58
1206 1878
714 49
1023 107
3132 61
428 1462
1219 112
1263 39
718 81
1394 90
2048 57
2425 69
546 104
845 51
172 90
598 61
844 65533
818 99
20 8
8524 65533
1151 83
613 18
598 6
9253 43
702 77
2 1494
7931 65533
2507 120
5705 113
4513 72
1112 94
141 117
872 92
8530 9
1196 117
1277 65533
307 63
6044 36
813 55
1742 75
561 49
5747 65533
11 23
818 39
3 9
5392 35
792 110
966 118
1 652
3178 63
2017 0
675 106
812 95
1612 108
160 72
785 79
7943 65533
7272 65533
5925 0
370 16
2110 115
4969 57
2427 39
1059 35
813 9
16 1
1654 95
0 1207
297 59
4109 23
450 15
787 53
1 29222
2167 44
7763 65533
2319 37
1946 3
877 13
0 690
1191 35
782 30
396 88
268 1912
2179 36
474 24
5023 65533
4685 78
0 1977
1897 83
910 41
140 110
5302 52
7588 104
1305 17
393 67
479 49
4291 65533
1596 1534
2143 83
3914 82
3972 18
1615 91
1950 1527
538 1347
980 65533
2331 72
556 65533
1729 65533
183 84
1112 93
1674 76
647 85
172 43
1614 48
2716 44
586 115
2352 117
454 104
18 83
800 79
252 68
2162 76
3068 73
505 62
31 58
2305 65533
2644 12
25 98
160 115
7170 69
6426 84
390 119
120 10
1928 45
5398 79
5383 65533
1325 21
490 37
409 837
4605 101
2035 94
1946 38
278 63
5109 67
2533 17207
4756 106
571 19
450 90
807 106
7175 65533
1288 79
7185 50
2 9743
713 71
792 80
1750 117
9121 52
0 1291
5726 65533
7825 30
932 84
560 41
750 106
1328 106
0 1045
1848 44
6133 100
8008 110
380 117
3909 10
22 70
5557 39
912 29
1713 99
1060 50
0 384
1213 106
1539 81
388 386
0 551
1596 745
675 1723
7195 65533
758 122
0 1292
370 33
9567 126
942 9
1196 25
6028 127
410 23
6573 52
775 5
409 123
0 1493
4267 77
948 52
963 25
6109 65533
0 1248
1107 126
1650 44
1151 61
901 5
9042 83
1050 27
980 35
0 1746
268 88
2 478
560 105
1188 115
1501 1271
133 1840
2138 87
8747 65533
810 108
835 54
567 106
2152 79
0 671
2165 118
1445 49
2440 16
1880 828
6028 65533
288 1226
4058 81
1464 63
2529 32
503 98
718 109
767 56
3 10
3958 22
1116 0
1863 11
428 118
888 51
1073 103
3114 0
1066 95
5094 65533
5135 33
641 112
407 53
667 70
259 77
7463 65533
1439 7
1193 122
6535 54
3243 65533
455 52
0 734
767 48
17 45
1961 78
515 29
7332 65533
409 45
160 1074
556 3
2440 115
517 112
1271 65533
0 1333
2204 100
395 1
934 14
8032 8
813 59
375 65533
1903 9
1903 115
49 86
2262 63
1051 77
0 46024
6182 65533
9302 36
7619 5
1237 45
864 74
7857 48
1021 54
5482 123
140 21
1012 72
1487 43
394 96
9820 65533
150 38
0 1183
3218 65533
1702 52
1 192
7860 65533
835 64
287 65
285 39
1 723
4687 65533
0 13120
297 52
9281 48
5135 94
1928 57
287 16
456 88
1026 5
121 32
2514 65533
2138 90
4709 65533
1270 32
686 50
7034 117
174 44
6323 65533
2518 13
1370 38
12 99
0 195
719 668
4781 1482
5794 25
818 61
1714 66
815 75
1176 102
1178 104
568 50
666 6
518 24
292 18
408 1487
2457 39
352 115
1261 86
4757 65533
0 529
551 88
1870 108
474 107
2207 4
1213 1460
785 106
387 67
880 55
18 110
1539 80
2440 108
6035 65533
410 71
7284 87
409 632
5631 0
2 1517
411 38
974 123
5910 65533
278 69
4687 114
1387 27
702 67
1 1724
402 7
2937 123
9371 98
1214 94
289 78
6373 115
37 60
392 59
405 63
402 35
629 49
535 90
6191 26
556 29
1554 65533
8514 115
1261 67
568 1542
743 14
6945 25
1005 99
407 23
1038 20
787 60
285 1465
179 16
1735 20
2807 10
1606 75
1148 51
5 73
3330 11
752 91
6309 35
633 89
508 7
2861 57
150 57
5176 59
5346 65533
9049 105
2641 1626
1066 93
5319 23
9 72
2138 65533
3905 65
1 155
2048 52
392 12
4838 883
2292 5
172 29
1792 1980
564 18
1318 944
388 883
283 13
1555 61
6338 15
893 1470
1 1399
1740 117
1085 85
187 97
1744 6
1507 120
7251 65533
889 31
9124 65533
2207 105
0 679
0 1160
6044 21
444 107
0 1073
1903 103
2258 60
501 85
560 69
526 61
1 1181
2575 15
6111 65533
2241 1355
519 10
639 17
2890 65533
4859 1176
4665 42
1179 1702
1051 29
1518 17
1829 118
3115 17
3369 65533
737 76
970 16
1580 45
124 77
792 78
4296 31
714 21
3958 7
9346 65533
820 55
5464 11
2199 55
3113 100
1650 70
394 118
7042 65533
1227 1656
3879 124
1730 69
453 113
1973 96
2575 65533
2260 65533
1 401
568 0
8326 107
1501 125
675 2
6681 125
5 95
0 1651
444 0
1612 49
1150 121
948 103
767 43
5727 18
394 31
0 619
5 105
385 113
7251 27
1047 60
1723 119
20 48
1447 116
699 51
614 101
5164 60
0 1542
2937 111
1162 42
1557 79
4208 83
397 101
1848 90
8640 65533
479 94
565 5
5026 87
2 550
1148 105
6 82
9567 65533
5437 26
7988 20
1436 45
174 78
0 1839
818 19
0 1025
781 63
0 1683
1808 36
0 1390
526 96
8331 96
133 115
2625 65533
752 104
9060 95
2308 48
6180 79
1038 91
2799 65
287 52
2179 79
4956 33
872 73
859 66
169 44
1348 113
934 94
1084 9
4228 74
8747 51
963 95
397 875
4211 267
860 10
2519 26
407 108
672 92
1 1202
453 97
2425 105
5376 29
17 55
986 45
157 100
1159 93
1 1504
9922 19
609 105
22 112
906 97
560 42
5676 65533
803 72
602 26
1033 99
1001 22
2875 65533
2221 24
1621 65533
9799 35
4687 85
1191 45
999 47
306 12
1040 50
418 4
973 65533
862 126
643 81
150 109
2972 52
385 125
8097 21
0 1460
829 63
855 88
388 14
696 96
5271 46
160 27
1894 49
1507 116
290 122
4838 118
675 8
1779 65533
6524 65533
729 41
5135 72
890 66
1946 33
1379 21
565 115
633 50
1038 28
969 6
1907 1149
409 634
750 26
377 63
6681 6
409 646
533 108
0 28169
300 109
1518 71
2610 116
752 51
2239 84
284 753
750 113
1404 65
800 95
2184 112
558 21
3115 39
1853 84
864 86
517 2
1737 49
2011 90
3239 21
1486 65533
2234 79
1341 110
31 7
2580 1213
410 79
7296 65533
309 119
1159 21
464 21
268 61
738 85
283 111
512 101
632 29
1936 29
8854 55
5573 47
1086 108
7795 22
5111 35
1325 111
5112 65533
368 40
1186 61
824 107
685 111
9 1700
9819 65533
1650 48
1 1213
802 1413
4425 59
1 1431
1001 81
6279 1194
514 56
2561 65533
3944 22
1870 42
948 47
1110 9
3938 119
829 465
0 1669
283 28
2128 25
1909 85
1083 77
4064 85
31 110
20 588
2937 94
380 89
6094 25
450 38
1066 105
1142 65533
2442 65533
954 9
0 45697
1026 60
1021 40
6101 92
2359 53
393 38
6100 65533
300 83
408 85
1 932
1901 1440
820 112
750 93
0 1282
942 49
0 129
2 1197
2587 125
1936 45
1890 15
914 9
7857 65533
1743 81
301 114
5390 30345
1107 52
2698 65533
1178 18
5738 101
288 1308
1 441
613 49
740 77
9567 81
638 85
396 28
7709 65533
1918 8
1314 280
317 1195
901 91
141 76
396 73
811 82
1348 119
852 106
0 17146
682 121
5670 85
1230 127
287 56
309 127
397 123
893 24
7029 65533
393 50
910 80
1261 1196
914 44
1669 120
515 102
3163 51
3224 82
132 61
2 162
2133 84
8651 100
5097 65533
629 62855
5294 115
392 17
934 126
1751 22
1465 709
122 37
402 71
752 34
1820 106
7557 104
492 82
3111 2
307 106
5766 493
397 90
284 125
22 86
31 1464
4544 65533
2602 25
581 115
385 108
1688 70
398 13
1211 117
2520 54
1023 99
5186 104
1782 65533
558 50
6723 65533
1735 0
2184 73
750 58447
8099 65533
347 26
289 193
1909 1738
1907 1379
498 116
842 5
696 102
4278 29
675 72
5536 19
1427 166
1 25054
1650 107
995 93
316 16
1519 60
589 21
2 1208
569 1826
5026 83
1154 102
7988 76
696 17
18 31
1545 65533
289 100
3971 65533
1652 25
661 57
1300 41
1855 107
1404 10
380 106
852 25
4008 33
1093 65533
803 53
526 56
5738 103
8016 65533
133 35
3169 84
6562 65533
4937 65533
9164 30
994 95
4269 92
444 7
457 127
411 65
2411 34
396 91
767 99
707 6
244 79
408 1717
9108 1
638 52
701 15
2518 1593
7771 65533
10123 65533
398 21
31 56
37 87
1111 64
3136 62
1 670
394 1444
1507 106
9755 43
408 44
374 63
2 65535
